0.045
0.059
0.048
0.055
0.019
0.053
0.044
0.021
0.027
0.047
0.159
0.057
0.157
0.048
0.035
0.041
nan
0.049
0.091
0.042
0.089
0.094
0.051
0.041
0.048
0.167
0.100
0.084
0.053
0.027
0.084
0.047
0.044
0.039
0.019
0.091
nan
0.015
0.043
0.015
0.115
nan
0.057
0.064
0.040
0.065
0.046
0.033
0.049
0.080
0.158
0.041
0.062
0.027
0.035
0.152
0.077
0.081
0.028
0.039
nan
nan
0.046
0.050
0.025
0.058
0.056
0.039
0.035
0.016
nan
0.061
0.055
0.060
0.016
0.043
0.032
0.031
0.114
nan
0.045
0.077
0.055
0.039
0.072
0.132
0.063
0.019
0.018
0.028
0.049
0.008
0.025
0.075
0.040
0.102
0.054
0.033
0.089
nan
0.010
nan
0.030
0.040
0.025
0.045
0.074
0.050
0.066
nan
0.021
0.022
0.026
0.040
nan
0.079
0.068
0.086
0.063
nan
0.098
0.029
0.061
0.142
0.055
0.016
0.021
0.095
0.051
0.011
0.102
0.048
0.027
0.070
0.100
0.046
0.073
0.010
0.046
0.048
0.097
0.026
0.074
0.037
0.068
0.023
0.048
0.035
0.028
0.025
0.039
0.089
0.039
0.045
0.048
0.059
0.013
0.043
0.039
0.045
0.027
0.060
0.075
0.055
0.023
0.047
0.039
0.093
0.058
0.023
0.050
0.053
0.032
0.099
0.080
0.174
0.019
0.063
0.044
0.023
0.152
0.113
0.016
0.099
0.040
0.026
0.036
0.053
nan
0.040
nan
0.059
0.026
0.081
0.045
0.065
0.052
0.069
0.058
0.028
0.014
0.050
0.060
0.046
0.034
0.054
0.044
0.124
0.033
0.053
0.089
0.045
0.028
0.080
0.082
0.028
0.036
0.035
0.046
0.067
0.059
0.040
0.089
0.031
0.086
0.107
0.173
0.094
0.127
0.109
0.070
0.052
0.046
0.057
0.062
0.037
0.037
0.077
0.050
0.050
nan
0.036
0.038
0.052
0.058
0.081
0.095
0.086
0.070
0.052
0.123
0.030
nan
0.047
0.054
0.028
0.056
0.057
0.039
nan
0.017
0.053
0.055
0.044
0.028
nan
nan
0.166
0.055
0.046
0.098
0.037
0.039
0.047
0.090
0.058
0.037
0.017
0.057
0.104
0.034
0.077
0.071
0.173
0.041
0.149
0.037
0.049
0.023
0.034
0.086
0.030
nan
0.050
0.046
nan
0.051
0.090
0.035
0.030
0.077
0.045
0.015
0.053
0.030
nan
0.042
0.046
0.040
0.047
0.159
0.038
0.066
0.039
0.109
0.154
0.034
0.106
0.087
nan
nan
0.050
nan
0.056
0.097
0.025
0.100
nan
0.045
0.014
0.023
0.028
0.043
0.058
nan
0.059
nan
0.058
0.067
0.045
0.036
0.053
0.068
0.108
0.044
0.061
0.049
0.043
nan
0.109
0.036
nan
0.042
0.066
0.093
0.008
0.095
0.085
0.086
0.004
0.026
0.038
0.055
0.056
0.064
0.153
0.061
0.050
0.049
0.052
0.046
0.071
nan
0.091
0.068
0.060
0.051
nan
0.039
0.044
nan
0.031
0.028
nan
0.080
0.041
nan
0.032
0.057
0.091
nan
0.103
0.057
0.097
0.103
0.080
0.104
0.038
0.098
0.014
nan
0.097
0.034
nan
nan
0.074
0.047
0.021
0.030
0.154
0.043
0.069
0.040
0.053
0.037
nan
0.043
0.037
0.055
0.048
0.056
0.061
0.041
0.026
0.056
0.048
0.032
0.022
0.039
nan
0.096
0.040
0.102
0.046
0.099
0.112
0.040
0.061
0.077
0.093
0.079
0.026
0.045
0.082
0.035
0.041
0.027
0.094
nan
0.081
0.024
0.070
0.018
nan
0.035
0.064
0.022
0.046
0.031
0.030
0.013
0.085
0.095
0.051
0.049
0.078
0.028
0.096
0.052
0.042
0.030
0.045
0.025
0.147
0.048
0.088
0.062
0.050
0.018
0.038
0.035
0.086
0.107
0.046
nan
nan
nan
0.024
0.023
0.014
0.126
0.036
0.049
0.044
0.017
0.057
0.051
0.031
0.055
nan
0.052
0.077
0.066
0.060
0.068
0.049
0.063
0.051
0.162
0.062
0.115
nan
0.033
0.094
0.022
0.037
0.050
nan
0.079
nan
0.054
0.029
0.019
0.060
nan
0.141
0.065
0.044
0.028
0.019
0.077
0.038
0.026
0.097
0.051
0.042
0.138
0.051
0.058
0.053
0.082
0.023
0.028
0.049
0.092
0.013
0.041
0.113
0.058
0.042
0.092
0.042
0.029
0.030
0.043
0.048
0.116
0.118
0.125
0.086
nan
0.056
0.008
0.053
nan
nan
0.052
0.034
0.009
0.048
0.037
0.059
0.066
0.035
0.052
0.045
0.067
0.037
0.065
0.078
0.032
0.041
0.098
0.028
0.069
0.058
0.047
0.137
0.141
0.046
0.076
nan
nan
0.072
0.034
0.141
0.061
0.030
0.025
nan
0.093
0.042
0.040
0.016
0.042
0.073
0.164
0.098
0.046
0.043
0.100
0.035
0.032
0.024
nan
0.043
nan
0.068
0.091
0.118
0.066
0.043
0.099
0.070
0.046
0.042
0.022
0.107
0.036
0.067
0.040
0.022
0.017
0.157
0.017
0.026
0.118
0.048
0.040
0.167
0.055
0.085
0.082
0.146
0.154
0.045
0.020
nan
0.039
0.046
0.056
0.059
0.024
0.093
0.072
nan
0.030
0.031
0.042
0.134
0.080
0.084
0.032
0.057
0.056
0.045
0.091
0.019
0.046
0.058
0.061
0.100
0.100
0.040
0.049
0.060
0.165
0.082
0.098
0.076
0.068
0.039
0.045
0.056
0.096
0.052
0.067
0.048
0.076
0.040
0.085
0.033
0.014
0.074
0.006
0.095
nan
0.036
0.054
0.015
0.137
0.080
0.043
0.116
0.102
nan
0.057
0.090
nan
0.050
0.039
0.056
0.064
0.041
0.045
0.006
0.103
0.052
0.036
0.056
0.035
0.042
0.102
0.103
0.044
0.043
0.101
0.074
nan
0.079
0.077
nan
0.073
0.086
0.057
0.094
0.049
0.052
0.052
0.009
0.097
0.145
0.088
0.047
0.131
nan
0.015
0.055
0.038
0.057
0.063
0.040
0.096
0.063
0.073
0.037
0.066
0.006
0.094
0.043
0.068
0.025
0.054
0.027
0.059
0.057
0.062
0.036
0.110
0.025
0.051
0.048
0.068
0.100
0.048
nan
0.063
0.061
0.013
0.049
0.033
0.079
0.013
0.036
0.053
0.038
0.062
0.156
0.098
0.083
0.056
0.040
0.089
0.043
0.043
0.032
0.043
0.081
0.015
0.059
0.130
0.044
0.069
0.032
0.106
0.028
0.099
0.045
0.011
0.081
0.057
0.079
0.041
0.041
0.061
0.050
0.062
0.038
0.053
0.034
nan
0.035
0.032
0.046
0.099
0.085
nan
0.055
0.096
0.024
0.068
0.059
0.014
nan
0.109
0.047
0.087
0.044
0.043
0.049
0.027
0.069
0.048
0.048
0.083
0.043
0.031
0.091
0.023
0.010
0.048
0.044
0.078
0.038
0.054
0.031
0.141
0.024
0.043
0.036
0.161
0.053
0.060
0.125
nan
0.061
0.031
nan
0.104
0.074
0.039
nan
0.048
0.061
0.020
0.057
0.044
0.052
0.065
0.094
0.008
0.061
0.040
0.121
0.028
0.049
0.056
0.167
0.104
0.163
0.037
0.047
0.152
0.070
0.055
0.045
0.048
0.042
0.044
0.050
0.066
0.052
0.012
nan
0.103
0.035
0.028
0.109
0.063
0.100
0.053
0.023
0.041
0.067
nan
0.046
0.041
0.052
0.099
0.085
0.073
0.035
0.093
0.076
0.083
nan
0.124
0.013
0.056
0.131
0.071
0.070
0.034
0.054
0.084
0.040
0.110
0.094
0.038
0.070
0.097
0.064
0.070
0.040
0.169
0.041
0.028
0.078
0.069
0.021
0.053
0.053
0.050
nan
0.172
nan
0.062
0.042
0.092
0.049
0.028
0.040
0.052
0.057
0.036
0.073
0.040
0.046
0.086
0.143
0.103
0.053
0.014
0.046
0.161
0.050
0.177
0.049
0.108
0.033
0.065
0.083
0.055
0.032
0.022
0.052
0.125
0.025
0.040
0.025
nan
0.089
0.042
0.063
nan
0.062
0.068
0.106
0.064
0.104
0.034
0.072
0.086
0.062
0.014
0.043
0.059
0.005
0.050
0.022
0.056
nan
0.077
0.044
0.081
0.048
0.052
0.045
0.048
0.057
0.154
nan
0.096
0.024
0.085
0.074
0.113
0.055
0.035
0.133
0.035
0.059
0.074
0.059
0.072
0.060
0.041
0.073
0.022
0.046
nan
0.156
0.154
0.030
0.025
0.073
0.057
0.098
0.052
0.058
0.056
nan
0.083
0.067
0.053
0.075
0.065
0.096
0.068
0.030
0.099
0.051
0.084
0.086
0.060
0.165
0.050
0.050
0.030
0.135
0.060
0.029
0.080
0.136
0.031
0.049
0.058
0.043
0.071
0.051
0.055
0.058
0.051
0.039
0.016
0.043
0.056
0.067
0.082
0.059
0.081
0.021
0.104
0.097
0.062
0.071
0.033
0.091
0.071
0.071
0.148
0.049
0.068
nan
0.018
0.050
0.060
0.074
0.025
nan
0.047
0.153
0.078
0.051
0.099
0.015
0.079
0.015
0.058
0.056
0.036
nan
0.067
0.090
0.071
0.077
0.044
0.077
0.173
0.070
0.111
0.087
0.046
0.033
0.069
0.065
0.104
nan
0.134
0.058
0.071
0.039
0.060
0.163
0.050
0.082
0.061
0.045
0.050
0.057
0.090
0.021
0.036
nan
0.037
0.049
0.065
0.055
0.051
0.048
0.012
0.032
0.120
0.093
0.122
0.076
0.041
0.072
0.043
0.052
0.109
0.040
0.105
0.050
0.065
0.059
0.038
0.062
0.029
0.045
0.115
0.131
0.102
0.078
nan
0.050
0.054
0.039
0.041
0.110
0.024
nan
0.053
0.038
0.040
0.086
0.031
0.100
0.030
0.049
0.071
nan
0.044
0.116
0.045
nan
0.042
0.092
0.050
0.044
0.128
0.064
0.037
0.040
0.040
0.042
0.015
0.038
0.084
0.082
0.058
0.039
0.022
nan
0.043
0.036
0.124
0.039
0.093
0.157
0.102
nan
0.067
0.147
0.067
0.082
0.051
0.069
0.095
0.033
0.166
0.047
0.074
0.044
0.061
0.022
0.049
0.054
0.039
0.073
nan
0.017
0.028
0.082
0.031
0.173
0.058
0.033
0.047
0.032
0.071
0.053
0.075
0.024
0.039
0.122
0.064
0.040
0.090
0.136
0.067
0.059
0.052
0.052
0.039
0.097
0.035
0.126
nan
0.114
0.101
0.101
0.086
0.086
0.059
0.061
0.167
0.059
0.026
0.057
0.157
0.016
0.055
0.042
0.042
0.068
0.053
0.040
0.050
0.055
0.056
0.037
nan
0.051
0.066
0.045
0.039
0.072
0.056
nan
0.052
0.064
0.047
0.028
0.062
0.036
0.027
0.038
0.057
0.077
0.131
nan
0.037
0.088
0.127
0.094
0.044
0.046
0.019
0.065
0.028
0.018
0.074
0.044
0.132
0.102
0.025
0.065
0.019
0.097
0.045
0.108
nan
0.059
nan
0.149
0.097
0.051
0.013
0.054
0.053
0.047
0.110
nan
0.043
0.029
0.038
0.101
0.066
0.053
0.040
0.071
0.069
0.042
0.043
0.027
0.171
0.102
0.077
0.164
0.038
0.052
0.079
0.139
0.033
0.059
0.078
0.036
nan
0.157
0.051
0.058
0.050
0.051
0.047
0.042
0.055
0.074
0.049
0.028
0.059
0.047
0.024
0.085
0.051
0.119
0.029
nan
0.046
0.018
0.171
nan
0.053
0.033
0.092
0.065
0.070
0.149
0.097
0.095
0.076
0.015
nan
0.067
0.013
0.061
0.050
0.041
0.039
nan
0.061
0.082
0.026
0.080
0.145
0.030
0.052
0.100
0.041
0.054
0.046
0.156
0.076
0.079
0.050
0.012
0.041
0.095
0.027
0.081
0.083
0.094
nan
0.143
0.081
0.018
0.072
0.038
0.039
0.036
0.048
0.052
0.110
0.088
0.056
0.077
0.033
0.138
0.039
0.101
0.133
0.125
0.057
0.026
0.058
0.150
0.061
0.033
0.063
0.064
0.037
0.091
0.194
0.032
0.071
0.038
0.142
0.065
0.062
0.115
0.089
0.060
0.108
0.063
0.036
0.088
0.068
0.062
0.137
0.043
0.050
0.059
0.033
nan
0.152
0.059
0.067
0.057
0.058
0.037
0.164
0.073
0.034
0.060
0.112
0.064
0.077
0.063
0.080
0.072
0.097
0.008
0.049
0.074
0.066
0.035
0.049
nan
0.055
nan
0.164
0.044
0.036
0.096
0.152
0.108
0.076
0.041
0.055
0.072
0.053
0.068
0.142
0.044
0.126
0.081
0.098
0.070
0.066
0.075
0.055
0.040
0.078
0.062
0.076
0.094
0.040
0.060
0.094
0.136
0.028
0.049
0.055
0.025
0.044
nan
0.041
0.044
0.041
0.059
0.159
0.070
0.043
0.060
0.059
0.081
0.062
0.035
0.059
0.107
0.036
0.086
0.167
0.163
0.054
0.102
0.128
0.122
0.033
0.076
0.065
0.080
0.018
0.079
0.065
0.170
0.040
0.059
0.090
0.061
nan
0.049
0.067
0.176
0.076
0.169
0.066
0.048
0.144
0.064
0.059
0.130
0.035
0.060
0.065
0.147
0.058
0.159
0.015
0.035
0.159
0.092
0.045
0.078
0.026
0.058
0.065
0.061
0.051
0.056
0.034
0.048
nan
0.174
0.064
nan
0.026
0.031
0.048
0.053
0.096
0.051
0.163
0.050
0.070
0.011
0.094
nan
0.039
0.025
0.033
0.055
0.068
0.022
0.053
0.066
0.042
0.058
0.073
nan
0.049
nan
0.078
0.054
0.025
0.057
0.073
0.012
0.112
0.172
nan
0.063
0.060
0.077
0.048
0.063
0.066
0.044
0.085
0.060
0.091
0.085
0.082
0.039
0.133
0.120
0.129
0.055
0.048
0.157
0.052
0.055
0.042
0.066
0.103
0.058
0.035
nan
0.067
0.103
0.053
0.058
0.065
0.045
0.065
0.056
0.109
0.169
0.030
0.069
0.146
0.043
0.070
0.070
nan
0.067
0.146
nan
0.036
0.162
0.058
0.048
0.041
0.099
0.069
0.066
0.136
0.010
0.017
0.157
0.077
0.134
0.076
0.070
0.039
0.045
0.116
0.138
0.038
0.081
0.008
nan
0.074
0.016
0.054
0.046
0.088
0.081
0.049
0.047
0.041
0.068
0.057
0.024
0.048
0.035
0.123
0.091
0.057
0.038
0.052
0.084
0.051
0.051
0.141
0.105
0.033
0.057
0.090
nan
0.062
0.060
0.151
0.044
0.039
0.072
0.014
nan
0.049
0.047
0.125
0.062
0.101
0.082
0.081
0.052
0.195
0.112
0.081
0.013
0.036
nan
0.167
0.048
0.061
0.081
0.064
0.046
0.063
0.072
0.068
0.075
0.078
0.034
0.077
0.047
nan
0.077
0.066
0.036
0.070
0.013
0.112
0.175
0.172
0.035
0.052
0.035
0.085
nan
nan
0.075
0.036
0.101
0.053
0.075
0.121
0.035
0.094
0.044
0.042
0.125
0.169
0.031
0.052
0.057
0.102
0.064
0.118
0.059
0.086
0.034
0.062
0.065
0.062
0.126
0.045
0.162
0.066
0.069
0.056
0.030
0.046
0.056
0.174
0.105
0.034
0.015
0.026
0.152
0.058
0.053
0.055
0.158
0.041
0.032
nan
0.100
0.037
0.063
0.055
0.158
0.080
0.166
0.047
0.087
0.029
0.053
0.099
0.107
0.093
0.067
0.053
0.027
0.158
0.051
0.055
0.162
0.095
0.107
0.057
0.063
0.095
0.030
0.036
0.075
0.072
0.075
nan
0.088
0.036
0.048
nan
0.074
0.104
0.131
0.036
0.058
0.058
0.047
0.062
0.037
0.077
0.045
0.151
0.092
0.046
0.051
0.051
0.061
0.049
0.060
0.039
0.060
0.078
0.070
0.050
0.034
0.066
0.054
0.170
0.072
0.029
0.076
0.171
0.056
0.123
0.056
0.044
0.088
0.132
0.059
0.047
0.064
nan
0.087
nan
0.073
0.075
0.066
0.093
0.051
0.061
0.044
0.153
0.123
0.060
0.074
0.046
0.090
0.140
0.030
nan
0.058
0.076
0.085
0.053
0.066
0.084
0.064
0.048
0.045
0.034
0.052
0.043
0.045
0.051
0.058
0.087
0.038
0.029
0.069
0.050
0.078
0.067
0.117
nan
0.014
0.042
0.056
0.015
0.048
0.030
0.076
0.070
0.062
0.065
0.047
0.056
0.086
0.050
0.131
0.071
0.069
0.075
0.028
0.143
0.042
0.130
0.046
0.055
0.077
0.118
nan
0.012
0.073
0.070
0.058
0.045
0.018
0.102
0.063
nan
0.073
0.078
0.027
0.045
0.046
0.080
0.032
0.039
nan
0.103
0.057
0.145
0.074
0.070
0.060
nan
0.079
0.045
0.054
0.068
0.013
0.104
0.061
0.147
0.151
0.037
0.056
0.047
nan
0.059
0.029
0.080
0.008
0.026
0.074
0.064
0.101
0.167
0.095
0.059
0.076
0.016
0.071
0.032
0.163
0.093
0.123
0.077
0.044
0.142
0.069
0.033
0.010
0.054
0.065
0.055
0.036
0.076
0.127
0.033
0.030
0.149
0.161
0.082
0.059
0.150
0.064
0.068
0.068
0.049
0.038
0.017
0.069
0.198
0.169
0.077
0.054
0.064
0.085
0.117
0.041
0.148
0.106
0.056
0.034
0.077
0.094
0.115
0.038
0.038
0.070
0.077
0.040
0.159
0.070
0.078
0.108
0.027
0.061
0.064
0.132
0.018
0.041
0.037
0.062
0.104
0.057
0.062
0.023
0.046
0.082
0.130
0.143
0.056
0.056
0.047
0.043
0.029
0.093
0.021
0.162
0.046
0.054
0.070
0.044
0.061
0.084
0.072
0.078
0.040
0.077
nan
0.063
0.061
0.084
0.055
0.059
0.055
0.061
0.078
nan
0.149
0.058
0.041
0.067
0.015
0.046
0.109
0.119
nan
0.154
0.064
0.173
0.011
0.081
nan
0.049
0.063
0.079
0.041
0.146
0.106
0.063
0.097
0.043
0.085
0.072
0.164
0.068
0.122
0.071
0.038
0.054
nan
0.065
0.131
0.073
0.088
0.142
nan
0.112
nan
0.092
0.042
0.032
0.019
0.175
0.039
0.044
0.029
0.089
0.158
0.097
nan
0.038
0.086
0.053
0.046
nan
0.030
0.086
0.054
0.022
0.055
0.165
nan
0.048
0.062
0.059
0.037
nan
0.115
0.050
0.161
0.153
0.072
0.058
0.088
0.079
0.041
0.042
0.053
0.072
0.073
0.038
0.064
0.088
0.069
0.070
0.031
0.154
0.075
0.059
0.166
0.041
0.174
0.047
0.035
nan
0.010
0.036
nan
0.076
0.067
0.036
0.029
0.057
0.042
0.059
0.060
0.170
0.129
0.051
0.031
0.070
0.035
0.054
0.061
0.037
0.090
0.036
0.095
0.047
0.031
0.147
0.078
0.051
0.083
0.055
0.049
0.056
0.119
0.083
0.051
nan
0.037
0.047
nan
0.054
0.046
0.035
0.050
0.066
0.081
0.148
0.042
nan
0.082
0.166
0.153
0.030
nan
0.090
0.032
0.055
0.015
0.028
0.154
0.170
0.054
0.086
0.046
0.096
0.050
0.065
0.040
0.095
0.048
0.102
0.063
0.096
0.023
0.058
0.110
0.067
0.067
0.090
0.158
0.038
0.069
0.057
0.072
0.023
0.069
0.054
0.008
0.066
0.050
0.049
0.051
0.081
0.057
0.057
0.051
0.090
0.053
0.098
0.057
0.054
0.077
0.062
0.097
0.059
0.042
0.077
0.092
0.047
nan
0.090
0.048
0.058
0.069
0.049
0.036
0.008
0.075
0.063
0.028
0.049
0.066
0.082
0.063
0.169
0.039
0.050
0.057
0.055
nan
0.044
0.054
0.063
0.072
0.051
0.154
0.083
0.164
0.050
0.047
0.061
0.154
0.020
0.040
0.072
0.019
0.042
0.061
0.115
0.097
0.025
0.066
0.037
0.065
0.025
0.061
0.172
0.048
0.114
0.024
0.051
0.061
0.077
0.082
0.034
0.058
0.066
0.081
0.076
0.067
0.055
0.075
0.067
nan
0.056
0.043
0.058
0.014
0.102
0.062
0.139
0.067
0.095
0.077
0.056
0.041
0.057
0.059
0.063
0.080
0.031
0.058
0.038
0.058
0.057
0.052
0.057
0.063
0.035
0.171
0.082
0.075
0.040
0.087
0.028
0.081
0.065
0.074
0.112
0.061
0.026
0.061
0.041
0.134
0.056
0.070
0.083
0.072
0.025
0.039
0.078
0.057
nan
0.067
0.102
0.099
0.114
nan
0.074
0.063
0.058
0.071
0.060
0.104
0.007
0.037
0.164
0.044
0.069
0.114
0.054
0.151
0.078
0.135
0.051
0.077
0.033
0.079
0.100
0.011
0.059
0.071
0.064
0.027
0.036
0.035
0.077
0.057
0.063
0.070
0.055
0.088
0.062
0.079
0.030
0.076
0.140
0.079
0.089
0.054
nan
0.085
0.096
0.065
0.068
0.051
0.063
0.057
0.117
0.061
0.100
0.047
0.038
0.075
0.055
0.048
0.118
0.171
0.055
0.076
0.038
0.049
0.048
0.059
0.081
0.149
0.044
0.062
0.063
0.070
0.104
nan
0.099
0.069
0.053
0.044
nan
0.064
0.059
0.071
0.035
0.065
0.058
0.073
0.085
0.013
0.045
0.061
0.052
0.175
0.094
0.082
0.071
0.073
0.049
0.039
0.058
0.052
0.078
0.096
0.084
0.093
0.072
0.047
0.045
0.140
0.060
nan
0.058
0.028
0.027
0.088
0.020
0.045
0.069
0.150
0.063
0.165
0.027
0.064
0.040
0.020
0.019
0.049
0.066
0.069
0.081
0.047
0.055
0.051
0.033
0.144
0.031
0.014
0.061
0.054
0.044
0.010
0.029
0.061
0.099
nan
0.041
0.063
0.093
nan
0.057
0.069
0.046
0.105
0.024
0.045
0.071
0.148
0.072
0.057
0.101
0.048
0.041
nan
0.027
0.054
0.060
0.069
0.087
0.077
0.092
0.054
0.034
0.064
0.084
0.052
0.049
0.127
0.115
nan
0.018
0.098
0.043
0.062
0.036
0.081
0.088
0.053
0.052
0.030
0.041
0.124
0.096
0.079
0.055
0.037
0.069
0.055
0.056
0.168
0.043
0.111
0.061
0.039
0.056
0.065
0.088
0.025
0.056
0.088
0.049
0.012
0.030
0.142
0.100
0.157
0.058
0.043
0.088
0.075
0.084
0.049
0.080
0.065
0.077
nan
0.045
0.059
nan
0.053
0.084
0.057
0.084
0.056
0.049
0.075
0.076
0.088
0.052
0.033
0.074
0.137
nan
nan
0.048
0.096
0.121
0.032
0.055
0.146
0.054
0.066
0.011
0.076
0.076
0.085
0.077
0.058
0.061
0.147
0.044
0.052
0.026
0.078
0.059
0.057
0.035
0.072
0.031
0.065
0.035
0.070
0.066
0.118
0.072
0.082
0.050
0.047
0.048
0.040
0.032
0.080
0.075
0.139
0.064
0.034
0.052
0.077
0.066
0.020
0.137
0.057
0.096
0.174
nan
0.074
0.123
0.015
0.080
0.062
0.062
0.053
0.065
0.005
0.103
0.071
0.077
0.083
0.050
0.175
0.087
0.076
0.081
0.063
0.034
0.042
0.059
0.062
0.090
0.056
0.049
0.057
0.047
0.085
nan
0.116
nan
0.055
0.107
nan
0.034
0.051
0.048
0.061
0.061
0.052
0.028
0.055
0.035
0.052
0.063
0.060
0.077
0.076
0.049
0.099
0.043
0.088
0.065
0.056
0.063
nan
0.092
0.065
0.123
nan
0.053
0.049
0.076
0.065
0.081
0.032
0.026
0.051
0.078
0.082
0.045
0.044
0.091
0.062
0.174
0.056
0.015
0.052
0.169
0.096
0.067
0.095
0.076
0.065
0.075
0.089
0.082
0.069
0.052
0.047
0.042
0.103
0.079
0.130
nan
0.110
0.077
0.092
0.062
0.042
0.130
0.059
0.049
0.069
0.029
0.063
0.068
0.026
0.043
0.038
0.053
0.037
0.041
0.058
0.034
0.052
0.066
0.127
0.071
0.063
0.069
0.056
0.042
0.064
0.161
0.053
0.009
0.070
0.089
nan
0.071
0.036
0.082
0.036
0.039
0.044
0.076
0.068
nan
0.086
0.080
0.076
0.098
0.062
0.052
0.082
nan
nan
0.052
0.052
nan
0.069
0.045
0.068
0.073
0.058
0.060
0.040
0.061
0.155
0.035
0.044
0.066
0.056
0.075
nan
0.070
0.156
0.027
0.145
0.089
0.060
0.159
0.083
0.018
0.044
0.110
0.066
0.094
0.015
0.041
0.065
0.077
0.068
0.037
0.075
0.043
0.073
0.069
0.058
0.066
0.079
0.048
0.104
0.080
0.080
0.068
0.093
0.075
0.073
0.027
0.092
0.059
0.075
0.063
0.055
0.038
0.089
0.038
0.058
0.161
0.035
0.041
0.090
0.047
0.039
0.073
0.052
0.056
0.054
0.045
0.048
0.161
0.082
0.075
0.147
0.059
0.057
0.063
0.079
0.057
0.057
0.045
0.079
0.092
0.082
0.058
0.056
0.057
0.047
0.100
0.021
0.077
0.078
0.141
0.073
0.070
0.047
0.038
0.041
0.046
0.048
0.050
0.079
0.087
0.056
0.078
0.068
0.065
0.032
0.038
0.023
0.046
0.072
0.017
0.081
0.071
0.077
0.077
0.092
0.029
0.087
0.046
nan
0.076
0.081
0.027
0.046
0.066
0.059
0.082
0.050
0.072
0.134
0.097
0.046
0.088
0.064
0.046
0.066
0.083
0.079
0.069
0.049
0.045
0.071
0.041
0.042
0.016
0.067
0.040
0.058
0.066
0.098
0.072
0.049
0.109
0.076
0.036
0.094
0.066
0.120
0.043
0.066
0.071
0.130
0.080
0.070
0.090
0.074
0.047
0.084
0.097
0.042
0.054
0.078
0.060
nan
nan
0.044
0.066
0.087
0.014
0.091
0.026
0.024
0.044
0.061
nan
0.056
0.087
0.069
0.082
0.048
0.103
0.072
0.056
0.154
0.020
0.178
0.091
0.093
0.036
0.036
0.047
0.058
0.031
0.069
0.169
0.045
0.089
0.045
0.088
0.096
0.049
0.073
0.040
0.088
0.068
0.071
0.094
0.078
0.047
0.054
0.172
0.057
0.099
0.066
0.073
0.054
0.069
0.073
0.036
0.029
0.095
0.025
0.073
0.154
0.036
0.061
0.059
0.050
0.090
0.041
0.093
0.063
0.046
0.071
0.076
0.044
0.078
0.042
0.075
0.059
0.073
0.077
0.055
0.050
0.073
nan
0.075
0.063
nan
0.039
0.057
0.062
0.058
0.045
0.025
0.088
0.093
0.076
0.051
0.037
0.081
0.064
0.074
0.071
0.081
0.031
0.046
0.043
0.057
nan
0.020
0.120
0.166
nan
0.124
0.040
0.075
0.096
0.073
0.047
0.045
0.064
nan
0.081
0.153
0.072
0.140
0.075
0.152
0.100
0.110
0.064
0.060
0.031
0.035
0.070
0.069
0.012
0.052
0.089
0.060
0.061
0.053
0.061
0.070
0.073
0.112
0.060
0.069
0.096
0.074
0.063
0.060
0.051
0.079
0.014
0.096
0.041
0.026
0.080
0.071
0.072
0.038
nan
0.050
0.059
0.048
0.053
0.066
0.078
nan
0.038
0.048
0.055
0.027
0.172
0.059
0.112
0.080
0.066
0.054
0.097
nan
0.141
0.111
0.056
0.054
0.040
0.044
0.059
0.061
0.045
0.059
0.072
0.014
0.072
0.114
0.069
0.141
0.050
0.073
0.040
0.047
0.081
0.016
0.082
0.047
0.146
0.071
0.070
0.090
0.037
0.071
0.071
0.084
0.046
0.070
0.146
0.050
0.064
0.062
0.017
0.039
0.068
0.051
0.080
nan
0.044
0.043
0.045
0.070
0.055
0.064
0.086
0.080
0.054
0.039
0.087
0.153
0.030
0.067
0.073
0.083
0.070
0.038
0.033
0.089
0.060
0.033
0.049
0.031
nan
0.061
0.043
0.054
0.046
0.063
0.052
0.080
0.068
0.060
0.155
0.055
0.073
0.058
0.056
0.074
0.058
0.057
0.034
0.081
0.074
0.050
0.058
0.033
0.043
0.054
0.066
0.043
0.062
0.078
0.077
0.037
0.067
nan
0.032
0.062
0.057
0.111
0.041
0.061
0.077
0.068
0.066
0.044
0.046
0.186
0.054
0.059
nan
0.117
0.038
0.064
0.047
0.048
0.040
0.057
0.069
0.068
0.073
0.082
0.070
0.055
0.160
nan
0.093
0.040
nan
0.046
0.073
0.058
0.050
0.062
0.073
0.069
0.038
0.099
0.085
0.065
0.079
0.069
0.077
0.048
0.045
0.059
0.014
0.062
0.051
0.084
0.060
0.050
0.111
0.054
0.054
0.052
0.050
0.026
0.046
nan
0.046
0.065
0.069
0.049
0.060
0.091
0.046
0.062
0.078
0.072
nan
0.034
0.043
0.035
0.068
0.043
nan
0.047
0.065
0.061
0.049
0.072
0.008
0.069
0.067
0.056
0.072
0.070
0.047
0.025
0.083
0.054
0.041
0.090
0.065
0.068
0.053
0.035
0.066
0.086
0.082
0.063
0.071
0.090
0.173
0.152
nan
0.047
0.084
0.065
0.078
0.078
0.131
0.072
0.045
0.074
0.021
0.068
0.023
0.073
0.071
0.057
0.057
0.050
0.083
0.033
0.070
0.041
nan
0.056
0.079
0.049
0.075
0.067
0.067
0.049
0.037
0.089
0.057
0.048
0.062
0.048
0.110
0.070
0.064
0.046
0.065
0.050
0.053
0.072
0.051
0.112
0.065
0.096
0.047
0.045
nan
0.046
0.092
0.063
0.036
0.058
0.074
0.082
0.157
0.032
0.018
0.060
0.101
0.044
0.082
0.086
0.061
0.006
0.050
0.018
0.068
0.069
0.065
0.059
0.063
0.072
nan
0.082
0.052
0.059
0.121
0.074
0.063
0.074
0.053
0.144
0.056
0.154
0.028
0.056
0.073
0.036
0.067
0.044
0.065
0.108
0.121
0.092
0.054
0.064
0.080
0.039
0.055
0.012
0.049
0.068
0.015
0.050
0.060
0.040
0.072
0.026
0.053
0.061
0.085
0.013
0.069
0.063
0.037
0.064
0.050
0.073
0.058
0.163
0.116
0.058
0.058
0.071
0.063
0.078
0.076
0.070
nan
0.031
0.074
nan
0.059
0.070
0.014
0.048
0.089
0.050
0.052
0.066
0.045
0.084
0.057
0.170
0.066
0.037
0.060
0.049
0.070
0.040
0.058
0.074
0.066
0.064
0.038
0.134
0.049
0.048
0.067
0.059
0.059
0.079
0.058
0.058
0.049
0.046
0.066
0.059
0.064
0.082
0.070
0.050
0.083
0.039
0.044
0.086
0.063
0.054
0.053
0.071
0.015
0.079
0.058
0.045
0.017
0.067
0.060
0.052
0.053
0.084
nan
0.028
0.061
0.137
0.033
0.021
0.048
0.071
0.048
0.066
0.078
0.089
0.033
0.071
0.050
0.079
0.059
0.077
0.081
0.056
0.043
0.114
0.070
0.065
0.017
0.062
0.088
0.070
0.066
0.055
0.066
0.068
0.068
0.091
nan
0.091
0.047
0.063
0.065
0.034
0.053
0.097
0.033
0.153
0.060
0.059
0.068
0.038
nan
0.016
nan
nan
0.020
0.061
0.111
0.061
0.074
0.043
0.052
0.063
0.044
0.021
0.085
0.050
0.067
0.054
0.077
0.073
0.054
0.081
0.043
0.070
0.051
0.067
0.084
0.061
0.064
0.027
0.033
nan
0.043
0.087
0.081
0.055
nan
0.051
0.041
0.068
0.077
0.064
0.052
0.062
0.089
0.054
0.065
0.061
0.040
0.084
0.050
0.073
0.077
0.075
0.050
0.091
0.068
0.064
0.073
0.066
0.055
0.084
0.090
0.089
0.092
0.049
0.054
0.072
0.057
0.066
0.043
0.063
0.055
0.065
0.059
0.063
0.062
0.034
0.045
0.096
0.067
0.174
0.059
nan
0.073
0.075
0.068
0.039
0.056
0.076
0.092
nan
0.053
0.092
0.057
0.066
0.049
0.048
0.058
0.049
0.028
0.082
0.044
0.049
0.063
0.035
0.095
0.071
0.060
0.087
0.066
0.095
0.039
0.070
0.071
0.045
0.075
0.062
0.080
0.058
0.062
0.041
0.069
0.092
nan
0.081
0.071
0.050
0.062
0.072
0.045
0.064
0.082
0.071
0.037
0.073
0.050
0.096
0.047
0.130
0.023
0.054
0.074
0.059
0.058
0.028
0.071
0.139
0.061
0.067
0.069
0.081
0.076
0.063
0.085
0.065
0.068
0.060
0.085
0.066
0.064
0.028
0.037
0.057
0.055
0.046
0.057
0.070
0.076
0.146
0.063
0.045
0.066
0.070
0.059
0.061
0.058
0.073
0.028
0.074
0.074
0.084
0.056
0.061
0.087
0.065
0.086
0.015
0.072
0.046
nan
0.053
nan
0.051
0.087
0.055
0.029
0.032
0.074
0.070
0.057
0.092
0.032
0.061
0.078
0.053
0.073
0.081
0.027
0.057
0.079
0.048
nan
0.075
0.052
0.069
0.080
0.078
0.068
0.067
0.032
0.042
0.045
0.047
0.085
0.075
0.062
0.020
0.037
0.096
0.091
0.056
0.084
0.058
0.074
0.046
0.054
0.043
0.065
0.049
0.057
nan
0.043
0.013
0.040
0.054
0.034
0.066
0.077
0.071
0.041
0.056
0.049
0.074
0.050
0.086
0.047
0.072
0.040
0.066
0.051
0.064
0.088
0.032
0.079
0.056
0.075
0.054
0.022
0.034
0.079
0.047
0.084
0.060
0.068
0.125
0.089
0.093
0.061
0.092
0.027
0.067
0.076
0.050
0.073
0.079
0.068
0.111
0.062
0.056
0.037
0.057
0.030
nan
0.038
0.054
0.047
0.038
0.066
0.027
0.046
0.073
0.043
0.061
0.047
0.023
0.062
0.074
0.109
0.058
0.063
0.067
0.059
0.055
0.080
0.075
0.097
0.042
0.064
0.050
0.074
0.056
0.056
nan
0.057
0.040
0.063
0.091
0.071
0.078
nan
0.036
0.061
0.061
0.049
0.045
0.052
0.056
0.087
0.056
0.072
0.047
0.073
0.080
nan
0.040
0.033
0.048
0.127
0.077
0.087
0.087
0.062
nan
0.023
0.075
0.100
0.066
0.081
0.064
0.054
0.065
0.065
0.054
0.070
0.046
0.058
0.069
0.072
0.045
0.062
0.065
0.056
0.074
0.159
0.055
0.165
0.073
0.074
0.068
0.054
0.067
0.072
0.056
0.062
nan
0.054
0.037
0.029
0.066
0.079
0.060
0.065
0.083
0.056
0.062
nan
0.058
0.055
0.076
0.060
0.091
0.067
0.049
0.064
0.052
0.046
0.048
0.061
0.075
0.071
0.070
0.066
0.071
0.014
0.083
0.079
0.039
nan
0.069
0.066
0.060
0.054
0.080
0.109
0.029
0.051
0.065
0.039
0.068
0.050
0.065
0.083
0.055
0.068
0.068
0.054
0.022
0.050
0.066
0.053
0.041
0.072
0.072
0.046
0.048
0.059
0.053
0.086
0.025
0.058
0.024
0.032
0.101
0.111
0.076
0.059
0.055
0.058
0.059
0.047
0.054
0.052
0.077
0.161
0.068
0.070
0.077
0.053
0.043
0.060
0.051
0.077
0.068
0.064
0.070
0.069
0.087
0.062
0.092
0.122
0.060
nan
0.045
0.075
0.063
0.064
0.059
0.049
0.061
0.038
0.083
0.048
0.026
0.068
0.034
0.082
0.079
0.045
0.066
0.036
0.056
0.084
0.065
0.087
0.089
nan
0.080
0.057
0.033
0.053
0.085
0.060
0.085
0.031
0.084
0.046
0.095
nan
0.079
0.053
0.048
0.063
0.071
0.063
0.081
0.046
0.068
0.078
0.045
0.056
0.036
0.018
0.081
0.057
0.068
0.038
0.061
0.052
0.053
0.055
0.086
0.068
0.070
0.076
0.042
0.082
0.052
0.057
0.069
0.071
0.047
0.048
0.052
0.051
0.059
0.052
0.051
0.070
0.071
0.077
0.052
0.063
nan
0.063
0.086
0.036
0.053
0.046
0.023
0.062
0.080
0.075
0.063
0.039
0.049
0.077
0.089
0.038
0.063
0.156
0.047
nan
0.088
nan
0.061
0.082
0.061
0.070
0.023
0.058
0.043
0.037
0.058
0.075
0.030
0.056
0.084
0.044
0.048
0.055
0.055
0.062
0.060
0.032
0.057
0.086
0.089
0.046
0.045
0.048
0.063
0.071
0.079
0.092
0.025
0.061
0.028
0.042
0.073
0.041
0.060
0.066
0.081
0.042
0.032
0.053
0.071
0.054
0.072
0.073
nan
0.016
0.061
0.053
0.092
0.027
0.055
0.042
0.080
0.092
0.084
0.032
0.065
0.053
0.033
0.024
0.047
0.053
0.048
0.029
0.035
0.061
0.029
nan
0.039
0.066
0.084
0.046
0.076
0.048
0.064
0.068
0.060
0.079
0.054
0.050
0.045
0.059
0.047
0.041
0.064
0.094
0.045
0.060
0.093
0.073
0.065
0.067
0.146
0.077
0.033
0.064
0.039
0.062
0.066
0.034
0.053
0.136
0.057
0.048
0.051
0.078
0.138
0.056
0.086
0.085
0.040
0.076
0.061
0.070
0.070
0.091
0.050
0.135
0.093
0.064
0.066
0.096
0.026
0.085
0.060
0.060
0.073
0.069
0.065
nan
0.033
0.048
0.086
0.020
0.071
0.092
0.069
0.015
0.074
0.078
0.068
0.041
0.064
0.065
0.071
0.069
0.112
0.061
0.069
0.084
0.049
0.012
0.068
0.062
0.072
0.063
nan
0.071
0.129
0.061
0.066
0.086
0.115
0.087
0.049
0.062
0.073
0.048
0.073
0.040
0.072
0.098
0.062
0.051
0.061
0.059
0.041
0.069
0.076
0.055
0.049
0.025
0.091
nan
0.070
0.067
0.048
0.074
nan
0.079
nan
0.041
0.081
0.075
0.081
0.083
0.094
0.016
0.049
0.061
0.089
nan
0.089
0.057
0.077
0.051
0.067
0.071
0.066
0.071
0.072
0.063
0.040
0.086
0.056
0.058
0.042
0.026
0.095
0.081
0.050
0.038
0.084
0.062
0.067
0.068
0.084
0.128
0.116
0.033
0.075
0.056
0.071
0.084
0.055
0.063
nan
0.042
0.098
0.047
0.082
nan
0.092
0.064
0.072
nan
0.052
0.048
0.039
0.052
0.070
0.050
0.080
0.071
0.052
0.103
0.016
0.057
0.077
0.019
0.171
0.045
0.054
0.054
0.083
0.059
0.046
nan
0.059
0.026
0.030
0.059
0.071
0.057
0.075
0.054
0.081
0.052
0.076
0.056
0.040
0.075
0.091
0.092
0.056
0.060
0.068
0.073
0.070
0.098
0.052
0.074
0.090
0.044
0.042
0.068
0.071
0.065
0.069
0.047
0.070
0.057
0.049
0.059
0.091
0.054
0.069
0.077
0.037
0.049
0.078
0.052
0.046
0.035
0.067
0.053
0.097
0.072
0.068
0.070
0.076
0.090
0.076
0.062
0.070
0.058
0.093
0.056
0.063
0.073
0.010
0.090
0.082
0.084
0.065
0.074
0.049
0.042
0.011
0.070
0.064
0.075
0.059
0.049
0.069
0.075
0.047
0.049
0.071
0.068
0.077
0.077
0.043
0.087
0.071
0.050
0.070
0.078
0.076
0.054
0.073
0.070
0.024
0.063
nan
nan
0.031
0.067
0.046
0.073
0.057
0.089
0.060
0.103
0.057
0.053
0.044
0.081
0.045
0.073
0.058
0.077
0.024
0.074
0.139
0.076
0.043
0.055
0.030
0.074
0.078
0.054
0.058
0.075
0.046
0.073
0.070
0.047
0.046
0.063
0.063
0.052
0.067
0.047
0.069
0.039
0.057
0.013
0.059
nan
0.073
0.091
0.054
0.013
0.022
0.062
0.079
0.060
0.033
0.078
0.074
0.052
0.081
0.048
0.052
0.072
0.050
0.072
0.074
0.070
0.077
0.041
0.116
0.072
0.106
0.075
0.079
0.059
0.049
0.087
0.089
0.058
0.029
0.076
0.046
0.064
0.064
0.057
0.063
0.070
0.031
0.098
0.073
0.067
0.035
0.037
0.076
0.066
0.058
0.085
0.059
0.078
0.058
0.051
0.067
0.054
0.074
0.060
0.058
0.073
0.048
0.049
0.101
0.070
0.064
0.075
0.080
0.071
0.057
0.050
0.069
0.071
0.054
0.063
0.057
0.118
0.067
0.071
0.070
0.070
0.025
0.070
0.073
0.067
0.081
0.070
0.089
0.092
0.093
0.044
0.058
0.072
0.086
0.067
nan
0.053
0.092
0.085
0.069
0.071
0.046
0.037
0.059
0.080
0.053
0.058
0.097
0.044
0.086
0.038
0.069
0.055
0.042
0.065
0.063
0.047
0.047
0.066
0.063
0.058
0.075
0.104
0.051
0.105
0.053
0.056
0.092
0.029
0.063
nan
0.089
0.043
0.058
0.012
0.057
0.095
0.066
0.083
0.067
0.068
0.092
0.064
0.050
0.069
0.073
0.069
0.116
0.083
0.081
0.072
nan
0.062
0.044
0.068
0.062
0.095
0.050
0.071
0.065
0.036
0.077
0.067
0.110
0.069
0.078
0.087
0.068
0.055
0.068
0.045
0.054
0.059
0.048
0.069
0.079
0.056
0.112
0.073
0.071
0.046
0.022
0.082
0.065
0.026
0.077
0.060
0.057
0.067
0.079
0.084
0.080
0.052
0.027
0.068
0.064
0.068
nan
0.083
nan
0.076
0.093
0.076
0.071
0.085
0.086
0.095
nan
0.081
0.085
0.090
0.079
0.065
0.054
0.135
0.054
0.093
0.085
0.064
nan
0.087
0.080
0.053
0.049
0.083
0.062
0.034
0.072
0.065
0.095
0.081
0.045
0.108
0.035
0.089
0.082
0.067
0.074
nan
0.077
0.065
0.076
0.080
0.047
0.022
0.081
nan
0.062
0.065
0.064
0.060
0.075
0.126
0.081
0.065
0.056
0.074
0.068
0.048
0.046
0.020
0.056
0.040
0.075
nan
0.063
0.063
0.085
0.041
0.086
0.155
0.057
0.084
0.065
0.027
0.099
0.060
0.068
0.082
0.050
0.080
nan
0.078
0.033
0.053
0.056
0.080
0.071
0.071
0.095
0.069
0.058
0.077
0.036
0.070
0.086
0.070
0.068
0.035
0.074
0.106
0.062
0.048
0.018
0.096
0.069
0.063
0.045
0.066
0.070
0.072
0.065
0.073
0.048
0.060
0.051
0.055
0.064
0.063
0.083
0.048
0.048
0.048
0.090
0.065
0.064
0.088
0.068
0.152
0.078
0.069
0.086
0.070
0.088
0.063
0.067
0.025
0.087
0.060
0.078
0.152
0.047
0.046
0.053
0.063
0.051
0.066
0.050
0.088
0.078
0.068
0.017
0.081
0.056
0.017
0.055
0.057
0.083
0.062
0.064
0.065
0.062
0.088
0.088
0.068
0.057
0.082
0.067
0.062
0.062
nan
0.062
nan
0.017
0.034
0.051
0.093
0.068
0.059
0.094
0.066
0.066
0.088
0.024
0.051
0.063
0.062
0.039
0.053
0.053
0.072
0.074
0.070
0.054
0.094
0.037
0.131
0.063
0.065
0.045
nan
0.057
0.060
0.060
0.077
0.075
0.049
0.071
0.065
0.056
0.080
0.028
0.077
0.005
0.047
0.046
0.142
0.060
0.075
0.090
0.050
0.074
0.088
0.066
0.066
0.061
0.076
0.053
0.031
0.010
0.057
0.054
0.068
0.083
0.064
0.048
0.078
0.022
0.072
0.085
0.088
0.047
0.049
0.053
0.071
0.094
0.014
0.047
0.045
0.095
0.071
0.043
0.060
0.070
0.081
0.069
0.072
0.081
0.066
0.078
0.062
0.051
0.066
0.081
0.092
0.066
0.074
0.060
0.057
0.057
0.064
0.075
0.060
0.061
0.093
0.090
0.078
0.049
0.055
0.059
0.087
0.053
0.098
0.024
0.091
0.068
0.058
0.089
0.051
0.054
0.062
0.055
0.096
0.064
0.037
0.045
0.068
0.074
0.055
0.010
0.070
0.049
0.059
nan
0.056
0.066
0.059
0.043
0.134
0.109
nan
0.055
0.040
0.054
0.064
0.048
0.081
0.072
0.063
0.101
0.098
0.093
0.076
0.053
0.072
0.062
nan
0.050
nan
0.070
0.086
0.054
0.052
0.064
0.021
0.075
0.084
0.048
0.046
0.070
0.065
0.046
0.040
0.074
0.071
0.069
0.066
0.099
0.069
0.046
0.056
0.065
0.086
0.084
0.046
0.083
0.062
0.070
0.044
nan
0.098
0.046
0.137
0.064
0.047
0.021
0.079
0.072
0.064
0.087
0.068
0.068
0.080
0.040
0.052
0.052
0.056
0.094
0.065
0.047
0.057
0.067
0.063
0.074
0.067
0.074
0.078
0.048
0.047
0.073
0.042
0.062
0.078
0.094
0.097
0.091
0.053
0.064
0.096
0.069
0.084
nan
0.093
0.070
0.175
0.067
0.099
0.045
0.076
0.093
0.030
0.085
0.062
0.065
0.089
0.066
0.060
0.095
0.060
0.057
nan
0.062
0.067
0.074
0.088
0.077
0.058
0.076
0.080
0.106
0.070
nan
0.065
0.061
0.068
0.094
0.050
0.067
0.042
0.010
0.110
0.063
0.027
0.057
0.067
0.089
0.099
0.087
0.064
0.056
0.092
0.055
0.057
0.026
0.039
0.036
0.070
0.092
0.078
0.092
0.063
0.064
0.063
nan
0.089
0.083
0.081
0.067
0.087
0.079
0.047
0.099
0.063
0.030
0.071
0.170
0.068
0.108
0.047
0.014
0.089
0.073
0.008
0.062
0.060
nan
0.043
0.084
0.074
0.056
0.045
0.079
0.065
0.028
0.086
0.045
0.078
0.063
0.097
0.054
0.067
0.079
0.056
0.047
0.086
0.080
0.065
0.092
0.079
0.075
0.076
0.062
0.007
0.061
0.075
0.082
0.014
0.054
0.073
0.072
0.065
0.029
0.068
0.062
0.070
0.068
0.092
0.066
0.071
0.072
0.082
0.062
0.055
0.063
0.069
0.109
0.087
0.053
0.077
0.074
0.073
0.074
nan
0.042
0.046
0.047
0.084
0.074
0.105
0.095
0.056
0.060
0.058
0.049
0.083
0.068
0.048
0.047
0.194
0.058
0.061
0.057
0.066
0.070
0.049
0.047
0.059
0.076
0.054
0.051
0.071
0.061
0.027
nan
0.082
0.079
nan
0.049
0.052
0.058
0.078
0.082
0.039
0.048
0.049
0.070
0.102
0.045
0.065
0.085
0.075
0.057
0.065
0.080
0.059
0.077
nan
0.075
0.067
0.070
0.073
0.081
0.047
0.045
0.060
0.046
0.062
0.076
0.059
0.075
0.050
0.023
0.054
0.052
0.047
0.046
0.027
nan
0.048
0.065
0.072
0.076
0.075
0.063
0.062
0.084
0.056
0.075
0.081
0.089
0.046
0.066
0.079
0.052
0.072
nan
0.062
0.069
0.069
0.045
0.074
0.049
0.059
0.026
0.071
0.048
0.038
0.070
0.071
0.045
0.058
0.076
0.066
0.081
0.012
0.054
0.058
0.066
0.087
0.077
0.046
0.063
0.074
0.065
0.088
0.050
0.080
0.075
0.026
0.073
0.064
0.050
0.081
0.045
0.067
0.091
nan
nan
0.099
0.080
0.028
0.065
0.041
0.049
0.058
0.059
0.047
0.078
0.047
0.073
0.056
0.045
0.090
0.056
0.046
0.068
0.084
0.074
0.047
0.084
0.046
0.057
0.047
0.068
0.073
0.075
0.053
0.067
nan
0.051
0.072
0.077
0.077
0.081
0.059
0.002
0.089
0.077
0.056
0.079
0.078
0.062
0.032
0.045
0.072
0.072
0.067
0.056
0.054
0.066
0.046
0.056
0.047
0.058
0.079
0.045
0.061
nan
0.009
0.068
0.046
0.071
0.094
0.028
0.085
0.069
0.090
0.071
0.067
0.087
0.086
0.061
0.066
0.073
0.062
0.091
0.078
0.046
0.085
0.058
0.066
0.087
0.061
0.066
0.052
0.064
0.040
0.081
0.054
0.093
0.080
0.064
0.070
0.029
0.003
0.079
0.073
0.021
0.051
0.029
0.084
0.069
0.048
0.045
0.068
0.071
0.062
0.071
0.046
0.080
0.057
0.009
0.073
0.077
0.104
0.057
0.079
0.066
0.061
0.024
0.077
0.085
0.072
0.031
0.100
0.053
0.050
0.078
0.077
0.062
0.023
0.057
0.102
0.077
0.048
0.102
0.102
0.048
0.070
0.068
0.067
0.065
0.057
0.046
0.076
0.087
0.083
0.083
0.079
0.012
0.023
0.070
0.070
0.047
0.084
0.086
0.047
0.097
0.093
0.082
0.064
0.172
0.027
nan
0.066
0.091
0.080
0.074
0.057
0.079
0.078
0.072
0.071
0.066
0.138
0.055
0.048
0.066
0.095
0.046
0.092
nan
0.068
0.084
0.071
0.091
0.073
0.065
0.046
0.061
0.065
0.074
0.095
0.061
0.084
0.056
0.054
0.161
0.059
0.065
0.077
0.067
0.046
0.087
0.066
nan
0.086
0.072
0.030
nan
0.092
0.098
0.073
0.052
0.071
0.084
0.083
nan
0.091
0.087
0.056
0.070
0.061
0.053
0.052
0.063
0.068
0.092
0.021
0.073
0.034
0.011
0.050
0.080
0.076
0.081
0.070
0.061
0.074
0.066
0.095
nan
0.049
0.084
0.085
0.055
0.063
0.059
0.055
0.068
0.081
0.074
0.061
nan
0.070
0.081
0.066
0.064
0.101
0.094
0.051
0.110
0.083
0.076
0.085
0.045
0.080
0.077
0.096
0.082
0.100
0.078
0.018
0.082
0.083
0.075
0.008
0.083
0.055
0.064
0.073
0.069
0.084
0.070
0.107
0.066
0.078
0.080
0.047
0.063
0.075
0.081
0.087
0.032
0.064
0.092
0.070
0.057
0.088
0.137
0.088
0.047
0.080
0.044
0.076
0.062
0.082
0.084
0.065
0.066
0.100
0.131
0.063
0.081
0.067
0.076
0.075
0.046
0.091
0.076
0.065
0.085
0.059
0.055
0.055
0.081
0.046
nan
0.058
0.039
0.086
0.083
0.034
0.042
0.092
0.063
0.059
0.074
0.070
0.077
0.055
nan
0.075
0.098
0.051
0.068
0.072
nan
0.077
0.046
0.051
0.083
0.078
0.086
0.066
0.056
0.078
0.044
0.024
0.062
0.044
0.055
0.021
0.069
0.062
0.023
0.046
0.066
0.075
0.077
0.063
0.078
0.081
0.060
0.085
0.075
0.064
0.064
0.053
0.068
0.065
0.094
0.030
0.074
0.046
0.046
0.044
0.063
0.076
0.058
0.063
0.055
0.066
0.070
0.084
nan
0.078
0.079
0.074
0.042
0.085
0.043
0.057
0.056
0.137
0.091
0.081
0.076
0.070
0.097
0.042
0.045
0.067
0.074
0.069
0.080
0.045
0.056
0.027
0.068
0.047
0.057
0.070
0.060
0.068
0.067
0.052
0.082
0.076
0.059
0.064
0.092
0.045
0.010
0.009
0.077
0.096
0.076
0.074
0.069
0.065
0.077
0.079
0.065
0.059
0.095
0.077
0.152
0.045
0.051
0.066
0.062
0.036
0.061
nan
0.051
0.074
0.102
0.047
nan
0.069
0.047
0.095
0.046
0.070
0.075
0.063
0.098
0.087
0.085
nan
0.058
0.046
0.083
0.029
0.060
nan
0.055
0.050
0.110
0.070
0.031
0.055
0.083
0.080
0.077
0.025
0.053
0.064
0.081
0.064
0.064
0.096
0.063
0.074
0.075
0.061
0.060
0.073
0.099
0.038
0.064
0.059
0.078
0.076
0.051
0.047
0.069
0.095
0.052
0.069
0.055
0.094
0.049
0.083
0.039
0.062
0.053
0.062
nan
0.066
0.007
0.078
0.077
0.054
0.083
0.084
0.111
0.074
nan
0.078
0.050
0.066
0.047
0.100
0.082
nan
0.076
0.075
0.066
0.047
0.064
nan
0.077
0.080
0.095
0.051
0.076
0.107
0.056
0.056
0.079
0.070
0.075
0.043
nan
0.084
0.083
0.073
0.065
0.062
0.072
0.095
0.079
0.054
0.054
0.085
0.074
0.096
0.084
0.077
0.087
0.085
0.045
0.059
0.047
0.080
0.065
0.070
0.070
0.067
0.078
0.091
0.071
0.049
0.059
0.048
0.057
0.087
0.066
0.065
0.062
0.058
0.056
0.045
nan
0.086
0.085
0.084
0.094
0.075
0.051
0.069
0.080
0.071
0.074
0.046
0.082
0.054
0.079
0.047
0.036
0.067
0.089
0.075
0.049
0.087
nan
0.074
0.052
0.095
0.100
0.058
0.077
0.071
nan
nan
0.047
0.072
0.076
0.060
0.061
0.085
0.064
0.097
0.046
0.071
0.036
0.080
0.089
0.077
0.090
0.084
0.070
0.066
0.056
0.081
0.065
0.090
nan
0.060
0.070
0.081
0.059
0.083
0.063
0.051
0.080
0.056
0.114
0.052
0.092
0.182
0.068
0.073
0.071
0.021
0.079
0.081
0.080
0.059
0.087
0.080
0.061
0.070
0.069
0.060
0.062
0.092
0.109
0.075
0.115
0.111
0.044
0.092
0.100
0.023
nan
0.072
0.057
0.072
0.082
0.074
0.081
0.075
0.067
0.105
0.073
0.055
0.083
0.101
0.070
0.117
0.082
0.080
0.056
0.059
0.091
0.081
0.097
0.090
0.047
0.088
0.029
0.051
0.070
0.034
0.090
nan
0.059
0.103
0.015
0.072
0.091
nan
0.082
0.078
0.065
0.097
0.015
0.068
0.088
0.061
0.085
0.098
0.066
0.053
0.079
0.082
0.053
0.018
0.088
0.076
0.035
0.066
0.076
0.090
0.106
0.050
0.087
0.068
0.100
0.050
0.069
0.079
0.043
0.082
0.071
0.081
0.078
0.052
0.060
0.078
0.067
0.075
0.058
0.027
0.054
0.057
0.084
0.051
0.015
nan
0.022
0.048
0.063
0.093
0.075
0.064
0.083
0.078
0.063
0.076
0.072
0.074
0.091
0.049
0.073
0.068
0.081
nan
0.056
0.075
0.079
0.075
0.075
0.101
0.101
0.077
0.053
0.061
nan
0.080
0.080
nan
0.048
0.090
0.085
0.064
0.075
0.050
0.070
0.086
0.095
nan
0.088
0.078
0.054
0.084
0.046
0.112
0.055
0.032
0.082
0.085
0.077
0.072
0.077
nan
0.068
0.068
0.041
0.077
0.082
0.066
0.062
0.081
0.059
0.098
0.023
nan
0.089
0.052
0.072
0.061
0.028
0.062
0.081
0.064
0.060
0.074
0.095
0.021
0.058
0.084
0.037
0.047
0.088
0.049
0.082
0.078
0.077
0.046
0.057
0.036
0.073
0.052
0.084
0.065
nan
0.086
0.025
0.068
0.042
0.079
0.098
0.089
0.095
0.070
0.041
nan
0.095
nan
0.067
0.089
0.064
0.068
0.080
0.180
nan
0.084
0.081
0.054
0.090
0.062
0.022
0.090
0.075
0.030
0.080
0.060
0.084
0.084
0.104
0.082
0.080
0.075
0.104
0.076
0.077
0.079
0.047
0.084
0.066
0.094
0.106
0.080
0.075
0.041
0.085
0.074
0.080
0.074
0.063
0.071
0.094
0.084
0.019
0.066
0.053
0.077
0.043
0.077
0.096
0.079
0.063
0.093
0.084
0.088
0.085
0.060
0.075
0.074
0.110
nan
0.060
0.090
0.100
nan
0.065
0.069
0.075
0.058
0.100
0.050
0.097
0.070
0.069
0.058
0.068
0.105
0.090
0.011
0.082
0.046
0.047
nan
0.059
0.074
0.077
nan
0.066
0.100
0.077
0.031
0.083
0.046
0.007
0.023
nan
nan
0.005
0.051
0.104
0.083
0.049
0.062
0.048
0.013
0.028
0.031
0.217
0.054
0.090
0.066
0.077
0.116
0.078
nan
0.057
0.086
0.089
0.028
0.069
0.179
nan
0.068
0.047
0.102
nan
0.073
0.036
0.076
0.061
0.082
0.097
0.047
0.029
0.059
nan
nan
0.085
0.096
0.066
0.060
0.080
0.068
0.078
0.049
0.097
0.085
0.059
0.082
0.074
0.030
0.075
0.083
0.076
0.079
0.074
0.084
0.119
nan
0.041
0.076
0.054
0.073
0.094
0.020
0.077
0.080
0.067
0.079
0.143
0.035
0.069
0.047
0.067
0.103
0.078
0.108
0.087
0.079
0.072
0.074
0.083
nan
0.089
0.062
0.079
0.079
nan
0.052
0.100
0.014
0.079
0.116
0.079
0.073
0.073
nan
0.101
0.075
0.063
0.089
0.027
0.088
0.102
0.064
0.079
0.055
0.012
0.084
0.072
0.072
0.073
0.079
0.054
nan
0.058
0.072
nan
0.153
0.073
0.091
0.094
0.112
0.084
0.135
0.085
0.060
0.012
0.097
0.087
0.112
0.101
0.016
0.082
0.080
0.058
0.209
0.075
0.084
0.072
nan
0.060
0.085
0.077
nan
0.067
0.046
0.049
0.024
0.096
nan
nan
0.053
nan
0.083
0.085
0.077
0.081
0.094
0.103
0.073
0.079
0.071
0.005
0.075
0.061
0.072
nan
0.080
0.072
0.074
0.216
0.070
0.077
0.064
0.081
0.077
0.091
0.077
0.076
0.095
nan
0.023
nan
0.042
0.078
0.091
0.165
0.100
0.077
0.081
0.077
nan
0.040
nan
0.041
0.069
0.118
0.037
nan
0.079
0.054
nan
nan
nan
0.073
0.083
0.048
0.088
0.078
0.098
0.084
0.072
0.057
0.109
nan
0.104
0.050
0.073
0.093
0.077
0.091
0.054
0.038
0.066
0.081
0.102
0.092
0.057
0.079
0.069
0.065
0.044
0.056
0.044
0.082
0.103
0.099
0.042
0.080
nan
0.047
0.064
0.073
0.085
0.079
0.076
0.065
0.076
0.069
nan
0.056
0.113
0.033
0.079
0.046
0.075
0.056
nan
0.093
0.083
0.095
0.065
0.064
0.097
0.102
0.068
0.048
0.067
0.077
0.066
0.031
0.096
0.074
0.098
0.078
0.085
0.072
0.081
0.077
0.079
nan
0.059
0.077
0.026
0.058
0.059
0.075
0.057
0.038
0.076
0.088
0.104
0.064
0.079
0.018
0.040
0.083
0.009
0.098
0.102
0.078
0.098
0.093
0.100
0.089
0.031
0.067
0.046
nan
0.100
0.077
0.061
0.077
0.078
0.081
0.069
0.062
0.100
nan
0.072
0.013
0.088
0.101
0.069
0.037
0.072
0.077
0.017
0.102
0.083
0.058
0.078
0.077
0.099
0.086
0.074
0.094
0.080
0.078
0.071
0.084
0.098
nan
0.075
0.080
0.068
0.078
0.078
0.061
0.106
0.086
0.102
0.079
0.086
0.051
0.088
0.092
0.105
0.059
0.048
0.026
0.041
0.070
0.028
0.081
0.048
0.103
0.081
0.083
0.071
0.078
0.055
nan
nan
0.092
0.094
0.087
0.072
0.035
0.052
0.095
0.068
0.076
0.076
0.048
nan
0.057
0.086
0.027
nan
0.098
0.084
0.094
0.081
0.012
0.054
nan
0.056
0.071
0.091
0.093
0.062
0.082
0.078
0.074
0.078
0.080
0.091
0.091
0.051
0.077
0.063
0.096
0.076
0.071
0.065
0.081
0.070
0.052
0.071
0.022
0.085
0.048
0.083
0.077
0.077
0.096
nan
0.104
0.078
0.054
0.077
0.078
0.033
0.055
0.058
0.087
0.023
0.080
0.078
0.078
0.062
0.100
0.108
0.078
nan
0.054
0.083
0.074
0.050
0.046
0.089
0.086
0.070
0.080
nan
0.086
0.077
0.051
0.106
0.103
0.053
0.081
0.085
0.104
0.077
0.081
nan
0.083
0.078
nan
0.094
0.091
0.005
0.077
0.068
0.107
0.096
0.096
0.068
0.074
0.086
0.079
0.087
0.086
nan
0.092
0.105
0.087
0.085
0.088
0.041
0.083
0.107
0.075
nan
0.052
0.080
0.104
0.057
0.077
0.064
0.088
0.066
0.099
0.076
0.090
0.083
0.072
0.065
0.166
0.049
0.097
0.087
0.083
0.105
0.076
0.060
0.035
nan
0.003
0.077
0.086
0.140
0.079
0.097
0.082
0.077
0.077
0.037
0.079
0.098
0.101
0.080
0.077
0.081
0.102
0.090
0.073
0.104
0.073
0.078
0.125
0.078
0.086
0.077
0.059
0.054
0.072
0.083
0.043
0.101
0.069
0.091
0.081
0.071
0.104
0.086
0.087
nan
0.104
0.082
0.085
0.038
0.017
nan
0.075
0.097
0.091
0.097
0.048
0.081
0.050
0.015
0.023
0.051
0.009
0.084
0.102
0.091
0.073
0.040
0.096
nan
nan
0.010
nan
0.040
0.100
0.089
0.080
0.105
0.090
nan
0.077
0.072
0.026
0.088
0.076
nan
0.078
0.088
0.071
0.021
0.096
nan
0.098
0.100
nan
0.076
0.050
0.091
0.041
0.097
0.023
0.090
0.095
0.077
0.088
nan
0.075
0.077
0.082
0.042
0.096
0.037
0.087
0.044
0.013
0.085
0.079
0.106
0.055
0.087
0.079
0.058
0.097
0.096
0.093
0.071
0.083
0.078
0.104
0.070
0.124
0.094
0.098
0.016
0.083
0.074
0.058
0.067
0.085
0.099
0.028
0.057
0.024
0.043
0.024
0.105
0.098
0.092
0.022
0.012
0.085
0.014
0.082
0.073
0.096
0.087
0.095
0.089
0.075
0.098
0.009
nan
0.039
nan
0.090
0.102
0.023
0.093
nan
0.108
0.100
0.089
0.098
0.079
0.095
0.128
0.096
0.109
0.043
0.099
nan
0.106
0.092
0.085
0.040
0.042
0.071
0.099
0.085
0.091
nan
0.094
0.078
0.095
0.047
0.098
0.080
0.089
0.078
0.092
0.038
0.045
0.095
0.079
0.037
0.024
0.084
0.008
0.060
0.074
0.081
nan
0.105
0.082
0.084
0.102
0.069
0.058
0.083
0.083
0.099
0.089
0.098
0.007
0.079
0.083
0.077
0.097
0.089
nan
0.084
0.067
0.072
0.068
nan
0.055
nan
0.107
0.051
0.095
0.100
nan
0.132
0.020
0.110
0.049
0.099
0.008
nan
0.096
0.091
0.085
0.094
0.103
0.089
0.088
0.055
0.084
0.107
0.023
nan
0.064
nan
nan
0.100
0.005
0.038
0.058
0.102
0.099
0.008
0.100
0.042
nan
0.071
0.067
0.109
0.090
0.045
0.200
0.086
0.082
0.097
0.081
0.008
0.114
0.087
0.094
0.097
nan
0.093
0.038
0.055
0.079
0.100
0.005
0.006
0.169
nan
0.055
0.060
0.069
0.011
0.101
nan
0.054
0.088
nan
0.082
0.090
0.051
0.086
0.043
0.017
0.057
0.010
0.074
0.053
0.096
0.077
0.061
0.087
nan
0.031
0.025
0.114
0.084
0.021
0.106
0.095
0.093
0.095
0.086
0.026
nan
0.089
0.092
nan
0.095
0.016
0.085
0.097
0.050
0.006
0.079
0.046
0.095
0.025
0.075
0.020
0.050
0.065
0.104
0.045
0.025
0.096
0.085
nan
0.068
0.045
0.037
0.018
0.018
0.027
0.013
0.036
nan
0.174
0.087
0.107
0.114
0.009
0.022
0.003
0.102
0.109
nan
0.013
0.020
0.020
0.104
0.095
nan
0.052
0.002
0.147
nan
0.024
0.014
0.066
0.027
0.031
nan
0.006
0.099
0.204
0.052
0.004
nan
0.020
0.071
0.004
nan
nan
nan
0.014
nan
0.020
0.006
0.013
0.101
nan
0.081
0.083
0.062
0.040
nan
0.043
nan
0.102
0.014
0.113
nan
0.098
nan
0.023
0.100
0.044
0.053
nan
0.015
0.009
0.021
0.026
nan
0.043
0.004
nan
0.025
0.081
0.027
0.102
0.006
0.080
0.064
0.015
0.112
0.008
0.010
nan
nan
0.016
0.021
0.084
0.061
0.026
0.104
nan
0.063
0.034
nan
0.129
0.014
0.108
nan
0.004
0.024
0.118
0.011
0.079
0.011
nan
0.025
0.023
0.105
nan
0.016
nan
0.018
nan
nan
0.081
nan
0.011
0.042
0.095
nan
0.017
0.141
0.010
0.045
0.058
0.005
nan
nan
0.059
0.042
0.019
nan
nan
0.029
0.071
0.029
0.030
0.025
nan
nan
0.025
nan
0.027
nan
0.027
0.018
0.019
0.036
0.040
0.014
nan
0.011
0.073
nan
0.026
0.079
0.026
nan
nan
0.005
nan
0.083
0.029
nan
nan
nan
0.032
nan
nan
nan
0.034
0.043
0.035
0.024
nan
nan
0.063
nan
0.032
nan
nan
nan
nan
0.050
nan
nan
0.071
