0.105
0.163
0.048
0.075
0.097
0.051
0.108
0.094
0.100
nan
0.144
0.081
0.077
0.090
0.092
0.067
0.069
0.045
0.090
0.059
0.206
nan
0.068
0.035
0.025
0.059
0.131
0.054
0.136
0.067
0.080
0.168
0.096
0.034
0.024
0.115
0.108
0.098
0.049
0.136
nan
0.077
0.072
0.027
0.029
0.069
0.019
0.063
0.089
0.182
0.059
0.018
0.054
0.088
nan
nan
0.104
0.102
0.063
0.025
0.038
0.140
0.070
0.045
0.052
nan
0.112
0.119
0.076
0.046
0.010
0.105
0.038
0.077
0.022
0.092
0.079
0.068
0.068
0.108
0.039
0.061
0.105
0.057
nan
0.068
0.071
nan
0.070
0.183
0.031
0.049
0.104
0.188
0.078
0.075
0.132
0.015
0.053
0.028
0.072
0.087
0.022
0.106
0.184
0.093
0.049
0.102
0.087
0.024
0.048
0.077
0.066
0.027
0.084
0.081
0.057
0.117
0.045
0.085
0.098
0.089
0.096
0.071
0.115
0.110
0.075
0.082
0.076
0.023
0.073
0.100
0.031
0.070
nan
0.088
0.111
0.100
0.020
0.121
0.145
0.170
0.141
0.118
0.023
0.097
0.121
0.084
0.034
0.120
0.099
0.126
0.095
0.041
0.085
0.086
0.067
0.124
nan
0.113
0.107
0.067
0.146
0.084
0.094
0.047
0.021
0.096
0.070
0.090
nan
0.065
0.059
0.146
0.070
0.048
0.027
0.077
0.026
0.079
0.033
0.162
0.081
0.140
0.070
0.040
0.057
0.138
0.067
0.078
0.138
0.149
0.106
0.175
0.035
0.085
0.082
0.092
0.087
0.067
0.102
0.081
0.066
0.066
0.099
nan
0.094
0.060
0.052
0.068
0.022
0.088
0.090
0.037
0.088
0.067
0.088
0.132
0.201
0.079
0.067
0.037
0.069
0.069
0.079
0.011
0.056
0.095
0.076
nan
0.066
0.140
0.117
0.126
0.100
0.205
0.105
0.110
0.075
0.114
0.075
0.079
0.023
0.086
0.036
0.091
0.077
0.085
0.099
0.072
nan
0.073
0.125
0.058
0.063
0.035
0.070
0.036
0.066
0.161
0.083
0.088
0.065
0.026
0.093
0.076
0.107
0.028
0.063
0.150
0.084
0.160
0.055
0.087
nan
0.083
0.050
0.049
nan
0.070
0.118
0.068
0.076
0.039
0.069
0.077
0.088
0.065
0.068
0.091
0.084
0.035
0.076
0.082
0.130
0.092
0.019
0.082
0.104
0.101
0.132
nan
0.050
0.088
0.076
0.105
0.099
0.141
0.044
0.127
0.073
0.125
0.063
0.067
0.099
0.079
0.065
0.096
0.077
0.084
0.033
nan
0.093
0.077
0.084
0.027
0.086
0.070
0.039
0.072
0.088
0.190
0.088
0.145
0.078
0.112
0.068
0.107
0.142
0.096
0.077
0.055
0.184
0.011
0.136
0.161
0.101
0.164
0.074
nan
0.101
0.063
0.046
0.077
0.032
0.038
0.073
0.027
0.096
0.074
nan
0.061
0.065
0.073
0.043
0.066
0.067
nan
0.106
0.083
0.071
nan
0.058
0.204
0.099
0.062
0.137
0.091
nan
0.048
0.073
0.087
0.082
0.147
0.055
0.109
0.022
0.073
0.071
0.032
0.109
0.066
0.105
0.085
0.037
0.052
0.034
0.136
0.071
0.056
0.091
0.100
0.092
0.068
0.129
0.053
0.018
0.063
0.018
0.062
0.031
0.078
0.013
0.079
nan
0.067
0.096
0.097
0.051
0.106
0.093
0.099
0.041
0.134
0.081
nan
0.092
0.135
0.163
0.114
0.085
0.083
0.088
0.104
0.078
0.064
0.065
0.123
0.061
0.086
0.088
0.108
0.101
nan
0.085
0.097
0.091
0.100
nan
0.092
0.032
0.031
0.140
0.051
0.137
0.197
0.049
0.095
0.052
0.162
0.192
0.059
0.079
0.087
0.058
0.116
0.049
0.123
0.049
0.083
0.086
0.098
0.086
0.023
0.029
0.073
0.005
nan
0.064
0.088
0.108
0.077
0.013
0.077
0.106
0.073
0.098
0.103
0.084
0.056
0.106
0.105
0.069
0.157
0.031
0.113
0.064
0.072
0.095
0.105
nan
0.135
0.077
0.077
0.078
0.095
0.020
0.037
0.074
0.088
0.118
0.139
0.094
0.022
0.107
0.080
0.140
0.065
0.159
0.082
0.078
0.076
0.147
0.142
0.073
0.085
0.068
0.083
0.198
0.068
0.015
0.085
0.051
0.089
0.133
0.064
0.110
0.052
0.155
0.073
0.127
0.084
0.101
nan
0.071
0.009
0.118
0.066
0.018
0.134
0.067
0.048
0.088
0.087
0.086
0.072
0.068
0.109
0.066
0.148
0.086
0.070
0.088
0.082
0.064
0.074
0.078
0.070
0.090
0.104
nan
0.119
0.053
0.063
0.102
0.077
0.084
0.113
0.031
nan
0.077
0.087
0.078
0.101
0.081
0.070
nan
0.126
0.087
0.074
0.080
0.084
0.042
0.124
nan
0.013
0.025
0.049
0.166
0.066
0.102
0.032
0.065
0.036
0.041
0.068
nan
0.011
0.013
0.137
0.056
0.079
0.073
0.105
0.100
0.115
0.028
0.023
0.102
0.100
0.018
0.073
0.044
0.071
0.071
0.019
0.078
0.102
0.049
0.101
0.048
0.076
0.056
0.029
0.068
0.104
0.111
0.040
0.092
nan
0.092
0.063
0.084
0.092
0.096
0.051
0.106
nan
0.095
0.128
0.088
0.039
0.025
0.087
0.061
0.099
0.019
0.076
0.071
0.062
0.124
0.034
0.100
0.189
0.064
0.099
0.023
0.062
0.030
0.075
0.078
0.145
0.080
0.087
0.078
0.020
0.170
0.080
0.044
0.086
0.096
nan
0.072
nan
0.078
0.188
0.124
0.076
0.099
0.094
0.087
0.060
0.110
0.087
0.067
0.052
0.095
0.064
0.107
0.092
0.089
0.082
0.029
0.115
0.099
0.071
0.120
0.060
0.081
0.015
0.096
0.081
0.028
0.068
0.070
0.087
0.082
0.049
0.067
0.062
0.031
0.076
0.085
nan
0.087
0.095
0.101
0.094
0.167
0.077
0.083
0.076
0.147
0.133
0.024
0.073
0.044
0.051
0.076
0.067
0.093
0.096
0.078
0.087
0.081
0.067
0.085
0.054
0.044
0.060
0.074
0.064
0.107
0.087
0.071
0.092
0.112
0.079
0.097
0.066
0.112
0.136
0.104
0.151
0.054
0.096
0.070
nan
nan
0.095
0.068
0.072
0.083
0.016
0.056
0.015
0.079
0.076
0.115
0.033
0.078
0.086
0.091
0.076
0.087
0.084
0.070
0.083
0.091
0.056
0.076
0.073
0.139
0.096
0.070
0.081
0.059
0.081
0.070
0.030
0.028
0.091
0.095
0.075
0.115
0.103
nan
0.050
0.017
0.021
0.125
0.089
0.144
0.014
0.081
0.066
0.081
0.079
0.052
0.113
0.088
0.071
0.047
0.081
0.049
0.078
0.078
0.106
0.062
0.085
0.101
0.160
0.096
0.058
0.070
0.096
0.079
0.100
0.110
0.049
0.123
0.076
0.079
0.075
0.116
0.077
0.083
0.026
0.092
0.141
0.064
0.076
0.094
0.070
0.147
0.097
0.123
0.072
0.059
nan
0.132
0.085
0.139
nan
0.117
0.096
nan
nan
nan
0.108
0.060
0.089
0.079
0.085
0.086
0.170
0.188
0.167
0.041
0.094
nan
0.099
0.036
0.078
0.087
0.107
0.056
0.048
nan
0.075
0.094
0.081
0.087
0.195
0.186
0.093
0.094
0.094
0.109
nan
0.071
nan
0.083
0.141
0.080
0.108
0.054
0.083
0.100
0.080
0.076
0.126
0.154
0.031
0.091
0.068
0.133
0.084
0.035
0.090
0.054
0.102
0.076
0.120
0.083
0.121
0.085
0.075
0.016
0.097
0.088
0.089
0.071
0.043
0.083
0.037
0.079
0.109
0.021
0.034
0.080
0.104
0.102
0.017
0.086
0.012
0.069
0.029
0.158
0.072
0.094
0.015
0.088
0.067
0.072
0.076
0.097
0.078
0.089
0.091
0.125
0.067
0.085
0.070
0.051
0.045
0.118
0.161
0.076
0.086
0.147
0.135
0.091
0.057
0.079
0.039
0.084
nan
0.099
0.107
0.086
0.093
0.196
0.084
0.086
0.059
nan
nan
0.087
0.106
0.065
0.070
0.106
0.079
0.074
0.074
0.187
0.138
0.085
0.090
0.107
0.076
0.045
0.078
nan
0.030
0.070
0.061
0.080
0.079
0.094
0.082
0.089
0.046
0.059
0.087
0.083
0.102
0.085
0.059
0.078
0.108
0.073
0.057
0.124
0.055
0.106
0.068
0.101
0.081
0.089
0.082
0.048
0.085
0.119
0.095
0.084
0.049
0.113
0.133
0.069
0.141
0.101
0.070
0.093
0.031
0.148
0.139
0.115
0.092
0.033
0.057
0.161
0.157
0.068
0.128
0.083
0.047
0.056
0.072
0.077
0.102
0.094
0.076
0.020
0.056
0.102
0.196
0.112
0.128
0.082
0.076
0.111
0.070
0.108
0.094
0.095
0.177
0.081
0.081
0.043
0.080
0.072
0.132
0.169
0.074
0.091
0.068
0.101
0.064
0.101
0.079
0.094
0.093
0.041
0.082
0.117
0.094
0.069
0.092
0.105
0.051
0.086
0.082
0.079
0.055
0.104
0.072
nan
0.098
0.068
0.073
nan
0.069
0.069
0.085
0.086
0.121
nan
0.064
0.078
0.067
0.071
0.092
0.045
0.068
0.116
0.026
0.072
0.124
0.131
0.072
0.090
0.165
0.107
0.121
0.017
0.079
0.091
0.082
0.081
0.073
0.148
0.148
0.102
0.100
0.093
0.155
0.057
0.100
0.078
0.051
0.077
0.085
0.107
0.104
0.082
0.071
0.017
0.175
0.048
0.106
0.066
0.124
0.098
0.133
0.211
0.062
0.106
0.115
0.082
0.050
0.055
0.085
0.025
0.103
nan
0.047
0.039
0.098
0.067
0.099
0.085
0.148
0.097
0.057
0.084
0.033
0.075
0.115
0.125
0.041
0.017
0.055
0.016
0.097
0.077
0.079
0.030
nan
0.042
0.106
0.117
0.088
0.082
0.084
0.106
0.041
0.086
0.076
nan
0.105
0.021
0.063
0.034
0.098
0.068
0.043
0.082
0.171
0.131
0.083
0.079
0.066
0.043
0.135
0.121
0.036
nan
0.147
0.085
0.039
0.071
0.067
0.160
0.067
0.106
0.104
0.076
0.081
0.114
0.020
0.020
0.057
0.031
0.082
0.092
0.098
0.013
0.072
0.076
0.077
0.185
0.067
0.103
0.020
0.074
0.079
0.072
0.093
0.105
0.083
0.084
0.087
0.158
0.079
0.084
nan
0.083
0.029
0.068
0.088
0.082
0.087
0.014
0.176
0.097
0.060
nan
0.173
0.109
0.108
0.089
0.090
0.075
0.085
0.062
0.070
0.068
0.074
0.068
0.083
0.087
0.141
0.125
0.088
0.133
0.025
0.076
0.082
0.099
0.087
0.077
0.093
0.020
0.082
0.072
0.051
0.114
0.075
0.068
0.017
0.143
0.091
0.074
0.082
0.082
0.069
0.053
0.132
0.172
0.075
0.094
0.069
0.139
0.103
0.072
nan
0.091
0.076
nan
0.100
0.054
0.064
0.131
0.109
0.069
0.093
0.080
0.062
0.084
0.072
0.117
0.084
0.099
0.072
0.136
0.051
0.010
0.032
0.095
0.026
0.085
0.084
0.084
0.126
0.114
0.080
0.104
0.099
0.069
0.153
0.087
0.074
0.028
0.068
0.085
0.080
0.100
0.017
nan
0.110
0.072
0.084
0.020
0.070
0.119
0.059
0.050
0.021
0.100
0.123
0.029
0.095
0.081
0.087
0.016
0.088
nan
0.113
0.040
0.069
0.060
0.086
0.059
0.084
0.100
0.105
0.099
0.051
0.058
0.100
0.078
0.131
0.063
nan
0.105
0.104
0.102
0.087
0.051
0.073
0.075
0.157
0.095
0.076
0.063
0.072
0.107
0.148
0.114
0.078
0.055
0.095
0.040
0.084
0.061
0.072
0.019
0.160
0.064
0.046
0.099
0.112
0.064
0.074
0.114
0.094
0.074
0.081
0.075
0.075
0.023
nan
0.103
0.081
0.067
0.132
0.182
0.100
0.087
0.086
0.082
0.084
0.172
0.145
0.089
nan
0.074
0.071
0.052
0.139
0.092
0.104
0.071
0.083
0.122
0.078
0.085
0.076
0.051
0.103
0.046
0.075
0.092
0.060
0.046
0.077
0.096
0.079
0.044
0.078
0.120
0.082
0.093
nan
0.105
0.095
0.071
0.140
0.082
0.039
0.039
0.100
0.104
0.046
0.083
0.114
0.088
0.075
0.089
0.080
0.017
0.069
0.062
0.053
0.080
0.072
0.086
0.085
0.099
0.071
0.105
0.129
0.087
0.106
0.116
0.084
0.075
0.072
0.056
0.171
0.077
0.067
0.061
0.088
0.068
0.075
0.057
0.083
0.080
0.084
0.111
0.065
0.066
0.061
0.109
0.062
0.115
0.067
0.099
0.069
0.090
0.095
0.098
0.149
0.039
0.103
0.062
0.071
0.084
0.018
0.065
0.049
0.098
0.061
0.075
0.101
0.073
0.083
0.055
0.078
0.078
0.177
0.110
0.078
0.080
0.077
0.105
0.041
0.055
0.069
0.073
0.078
0.097
0.083
0.071
0.074
0.057
0.078
0.109
0.018
nan
0.053
0.019
0.112
0.086
0.039
0.017
0.088
nan
0.080
0.089
0.019
0.082
0.082
0.082
0.173
0.094
0.106
0.172
0.107
0.093
0.091
0.098
0.136
0.134
0.074
0.066
0.165
0.073
0.072
0.150
0.178
0.083
0.074
0.067
0.136
0.097
nan
0.073
0.080
0.105
0.104
0.153
0.023
0.084
0.087
0.105
nan
0.085
0.139
0.112
0.096
0.085
0.089
0.141
0.070
0.126
0.098
0.074
0.103
0.045
0.106
0.083
0.103
0.084
0.091
0.101
0.090
nan
0.084
0.106
nan
0.070
0.019
0.086
0.094
0.011
0.036
0.075
0.074
0.113
0.099
0.089
0.070
0.107
0.080
0.076
0.063
0.108
0.082
0.079
0.074
0.049
0.073
0.099
0.107
0.105
0.082
0.082
0.044
0.108
0.077
0.050
0.065
0.125
0.098
0.086
0.059
0.083
0.097
0.073
0.076
0.071
0.083
0.058
0.082
0.156
0.048
0.080
0.082
0.042
0.088
0.055
0.014
0.116
0.086
0.086
nan
0.068
0.086
0.054
0.082
0.107
0.152
0.066
0.120
0.058
0.082
0.085
0.024
0.098
0.081
0.058
0.085
0.015
0.074
0.169
0.102
0.078
0.099
0.084
0.128
0.072
0.104
0.118
0.067
0.136
0.071
0.107
0.071
0.061
0.083
0.080
0.087
0.089
0.104
nan
0.013
0.127
0.072
0.050
0.063
0.015
0.080
0.049
0.101
0.091
0.063
0.064
0.080
0.142
0.088
0.017
0.072
0.089
0.073
0.077
0.019
0.112
0.077
0.077
0.072
0.122
0.077
0.056
0.108
0.052
0.083
0.081
0.102
nan
0.084
0.104
0.073
0.111
0.114
0.094
0.043
0.068
0.085
0.041
0.066
0.114
0.114
0.099
0.057
0.103
0.090
0.075
0.068
0.123
0.079
0.131
0.087
0.106
0.097
0.088
0.112
0.108
0.096
0.083
0.089
0.046
0.120
0.083
0.016
0.058
0.084
0.067
0.075
0.073
0.016
0.076
0.077
0.074
0.087
0.102
0.075
0.083
0.083
0.139
0.076
nan
0.092
0.100
0.114
0.062
0.070
0.101
nan
0.076
0.028
nan
0.073
0.071
0.085
0.096
0.039
0.074
0.082
0.077
0.081
0.058
0.104
0.105
0.073
0.098
nan
0.116
0.163
0.071
nan
0.100
0.067
0.111
0.106
0.081
0.084
0.084
0.135
0.077
0.120
0.084
0.073
0.075
0.087
0.148
0.154
0.094
0.075
0.033
0.112
0.083
0.113
nan
0.079
0.090
0.108
0.104
0.105
0.057
0.081
0.050
0.097
0.047
0.086
0.028
0.025
0.078
0.073
0.083
0.083
0.082
0.099
0.035
0.092
0.061
0.084
0.092
0.080
0.138
0.101
0.132
0.117
0.045
0.113
0.064
0.035
0.121
0.137
0.102
0.083
0.080
0.099
0.058
nan
0.108
0.090
0.042
0.045
0.096
0.096
0.082
0.114
0.115
0.032
0.069
0.038
0.081
0.083
0.065
0.096
0.139
0.058
0.070
0.098
0.110
0.073
0.091
0.127
0.072
0.049
0.035
0.075
0.063
0.101
0.153
0.090
0.041
0.115
0.082
0.067
0.104
nan
0.097
0.074
0.092
0.095
0.068
0.082
0.027
0.081
0.106
0.100
0.074
0.056
0.076
0.081
0.072
0.071
0.083
0.092
0.057
0.139
0.103
0.106
0.116
0.051
0.078
0.070
0.061
0.182
0.066
0.111
0.102
0.095
0.130
0.081
0.140
0.106
0.066
0.068
0.091
0.094
0.079
0.087
nan
0.074
0.069
0.059
0.126
0.074
0.082
nan
0.126
0.072
0.092
0.083
0.076
0.093
0.114
0.051
0.083
0.091
0.105
0.076
0.071
0.079
0.099
0.089
0.078
0.088
0.075
0.076
0.092
0.090
0.097
0.060
nan
0.072
0.111
0.063
0.078
0.078
0.089
nan
0.043
0.048
0.041
0.079
0.075
0.078
0.074
0.069
0.079
0.094
0.061
nan
0.082
0.110
0.084
0.111
0.096
0.069
0.069
0.079
0.100
0.079
0.040
0.067
0.077
0.042
0.099
0.079
0.080
0.045
0.087
0.086
0.084
0.069
0.070
0.079
0.104
0.075
0.137
nan
0.065
0.101
0.095
0.069
0.094
0.117
0.107
0.106
0.111
0.049
0.080
0.074
0.109
0.114
0.077
0.039
0.088
0.080
0.095
0.066
0.040
nan
0.070
0.110
0.074
0.109
0.076
0.079
0.089
0.045
0.081
0.071
0.077
0.068
0.068
0.070
nan
0.049
0.111
0.079
0.022
0.083
0.081
0.096
0.104
0.096
0.095
0.075
0.059
0.107
0.077
0.061
0.066
0.126
0.085
0.074
0.105
0.069
0.093
0.103
0.064
0.097
0.063
0.040
0.093
0.110
0.083
0.084
0.068
0.086
0.125
nan
0.079
nan
0.049
0.068
0.078
0.108
0.186
0.065
0.109
0.066
0.108
0.114
0.071
0.068
0.079
0.089
0.083
0.075
0.131
0.078
0.082
0.070
0.087
0.065
0.065
0.094
0.084
0.087
0.131
0.078
0.074
0.081
0.076
0.014
0.085
0.056
0.093
0.063
0.044
0.082
0.075
0.118
0.120
0.104
0.080
0.076
0.068
0.106
0.019
0.099
0.082
0.088
0.094
0.109
0.088
0.117
0.083
0.109
0.070
0.066
0.075
0.097
0.075
0.081
0.107
0.073
0.084
0.072
0.076
0.031
0.081
0.089
0.175
0.095
0.058
0.074
0.073
0.083
0.078
0.052
0.051
0.111
0.068
0.115
0.086
0.143
0.072
0.038
0.080
0.070
0.033
0.139
0.084
0.091
0.129
0.062
0.018
0.104
nan
0.102
0.092
0.094
0.072
0.094
0.072
0.076
0.084
0.073
0.088
0.067
0.097
0.097
0.107
0.101
0.063
0.068
0.111
0.119
0.066
0.067
0.081
0.147
0.030
0.075
0.094
0.057
0.092
0.064
0.085
0.135
0.099
0.074
nan
0.087
0.083
0.085
0.083
0.080
0.126
0.106
0.073
0.061
0.062
0.123
0.095
0.117
0.107
0.109
0.121
0.073
0.091
0.134
0.107
0.078
0.080
0.084
0.076
0.082
0.040
0.107
0.114
0.104
0.054
0.051
0.071
0.072
0.112
0.068
0.087
0.046
0.067
0.114
0.039
0.020
0.076
0.068
0.079
0.073
0.097
0.079
0.084
0.034
0.140
0.095
0.091
0.085
0.004
0.073
0.058
0.081
0.083
0.083
0.055
0.063
0.078
0.083
0.085
0.095
0.086
0.085
0.092
0.099
0.066
0.076
0.085
0.107
0.106
0.065
0.126
0.107
0.085
0.080
0.040
0.095
0.098
0.084
0.067
0.086
0.087
0.077
0.080
0.039
0.084
0.076
0.081
0.102
0.012
0.086
0.074
0.108
0.092
0.089
0.105
0.073
0.067
0.069
0.062
0.075
nan
0.083
0.054
0.044
0.081
0.095
0.102
0.070
0.107
0.055
0.086
0.017
0.122
0.085
0.107
0.055
0.084
0.076
0.093
0.105
0.074
0.122
0.066
0.086
0.098
0.097
0.079
0.086
0.058
0.079
0.078
0.069
0.064
nan
0.097
0.052
nan
0.069
0.066
0.084
0.077
0.120
0.077
0.096
0.023
0.084
0.070
0.068
0.128
0.086
0.080
0.092
0.076
0.083
0.063
0.069
0.096
0.087
0.045
0.105
0.110
0.076
0.064
0.079
0.097
0.076
0.104
0.069
0.080
0.108
0.089
0.132
0.098
0.099
0.019
0.089
0.078
0.080
0.107
0.080
0.101
0.093
0.078
0.066
0.101
0.076
0.079
0.089
0.077
0.121
0.122
0.101
0.096
0.080
0.070
0.085
nan
0.075
0.100
0.137
0.092
0.085
0.113
0.106
0.090
0.107
0.063
0.045
0.071
0.079
0.092
0.030
0.034
0.106
0.088
0.090
0.061
0.068
0.082
0.090
0.071
0.106
0.072
0.062
0.076
0.092
0.089
0.089
0.068
0.041
0.104
0.090
0.115
0.067
0.107
0.044
0.087
nan
0.115
0.077
0.080
0.016
0.104
0.087
0.081
0.080
0.105
0.019
0.079
0.105
0.077
0.112
0.123
0.091
0.069
0.079
0.078
0.104
0.083
0.074
0.075
nan
0.087
0.074
0.093
0.063
nan
0.074
0.088
0.056
0.083
0.117
0.086
0.082
0.078
0.097
0.078
0.142
0.088
0.067
0.083
0.087
0.066
0.097
0.079
0.095
0.088
nan
0.073
0.066
0.107
0.122
0.098
0.092
0.058
0.079
0.076
0.108
0.081
0.064
0.082
0.106
0.049
0.127
0.080
0.073
0.068
0.106
0.094
0.071
0.104
0.091
0.068
0.038
0.073
0.086
0.063
0.096
0.105
0.080
0.079
0.071
nan
0.087
0.042
0.101
0.077
0.069
0.072
0.104
0.087
0.091
0.118
0.112
0.055
0.092
0.083
0.090
0.065
0.086
0.080
0.105
0.075
0.075
0.079
0.077
0.080
0.112
0.099
0.100
0.066
0.057
0.095
0.064
0.046
0.062
nan
0.090
0.069
nan
0.079
0.107
0.106
0.092
0.127
0.099
0.112
0.103
0.114
0.084
nan
0.109
0.074
0.111
0.095
0.076
0.057
0.069
0.108
0.069
0.101
0.083
0.079
0.060
0.085
0.079
0.071
0.131
0.167
0.087
0.091
0.121
0.018
0.068
0.062
0.080
0.091
0.108
0.073
0.045
0.032
nan
0.157
0.080
0.064
0.070
0.076
0.100
0.016
0.084
0.076
0.104
0.074
0.053
0.050
0.088
0.070
0.120
0.070
0.074
0.071
0.076
0.069
0.082
0.115
0.083
0.080
0.085
0.014
0.085
0.069
0.080
0.134
0.077
0.110
0.069
0.062
0.119
0.064
0.097
0.096
0.038
0.103
0.107
0.086
0.071
0.123
0.111
0.116
0.068
0.087
0.089
0.079
0.071
0.149
0.103
0.083
0.106
0.092
0.158
0.123
0.079
0.121
0.016
0.048
0.084
0.079
0.093
0.095
0.073
0.114
nan
0.085
0.102
0.109
0.027
0.123
0.074
0.061
0.098
0.099
0.086
0.110
0.085
0.069
0.082
0.090
nan
0.086
0.093
0.093
0.081
0.090
0.085
0.084
0.084
0.064
0.067
0.107
0.106
0.028
0.083
nan
0.116
0.080
0.154
0.067
0.056
0.100
0.078
0.076
0.086
0.082
0.116
0.046
0.109
0.116
0.070
0.087
0.105
0.096
0.106
0.071
0.077
0.024
0.080
0.098
0.062
0.088
0.084
nan
0.088
0.071
0.081
0.059
0.076
0.095
0.092
0.079
0.068
0.066
0.071
0.083
0.083
0.049
0.075
0.140
0.079
0.053
0.081
0.085
0.076
0.073
0.052
0.019
0.104
0.074
nan
0.070
0.105
0.110
nan
0.073
0.073
0.063
0.074
0.071
0.082
0.109
0.068
0.083
0.084
0.035
0.105
0.070
0.078
0.135
0.039
0.066
0.082
0.085
0.094
0.110
0.115
0.106
0.120
0.056
0.068
0.075
0.069
0.157
0.075
0.069
0.084
0.071
0.085
0.097
0.086
0.070
0.113
0.163
0.084
0.067
0.101
0.085
0.067
0.096
0.087
0.083
0.076
0.080
0.093
0.071
0.096
0.098
0.105
0.081
0.076
0.059
0.082
0.064
0.090
0.074
0.112
0.062
0.069
0.025
0.055
0.102
0.061
0.078
0.091
0.071
0.105
0.019
0.088
0.104
0.107
0.070
0.078
0.069
0.065
0.076
0.071
0.120
0.092
0.071
0.131
0.067
0.080
0.064
0.111
0.075
0.171
0.024
0.104
0.143
0.103
0.112
0.026
0.017
0.061
0.019
0.085
0.123
0.076
0.118
0.098
0.116
0.108
0.108
0.080
0.076
0.060
0.053
0.020
0.135
0.076
0.087
0.078
0.063
0.103
0.085
0.090
0.068
0.079
0.110
0.069
0.017
0.074
0.106
0.041
0.083
0.085
0.076
0.088
0.086
0.068
0.065
0.056
0.048
0.067
0.105
0.069
0.119
0.070
0.057
0.086
0.093
0.098
0.091
nan
0.068
0.054
0.073
nan
0.091
0.071
0.075
0.068
0.105
0.070
0.109
0.115
0.102
0.108
nan
0.038
0.105
0.101
0.075
0.074
0.088
0.067
0.098
0.093
0.083
0.077
0.069
0.128
0.078
0.011
0.069
0.068
0.107
0.079
0.118
0.056
0.081
0.096
0.083
0.085
0.079
0.075
0.114
0.048
0.077
nan
0.035
0.107
0.076
0.060
0.102
nan
0.084
0.086
0.080
0.080
0.101
0.123
0.073
0.083
0.078
0.074
0.105
0.073
0.078
0.079
0.014
0.110
0.106
0.069
0.065
0.067
0.091
0.091
0.090
0.054
0.051
0.076
0.054
0.096
0.101
0.091
0.106
0.112
0.085
0.085
0.077
0.087
0.104
0.105
0.068
0.115
0.108
0.095
0.088
0.082
0.104
nan
0.115
0.117
0.072
0.098
0.065
0.098
0.079
0.102
0.083
0.084
0.058
0.081
0.100
0.053
nan
0.093
0.074
0.073
0.117
0.061
0.107
0.089
0.087
0.103
0.076
0.087
0.061
0.051
0.080
0.104
0.091
0.084
0.074
0.123
0.107
0.075
0.100
0.074
0.101
0.070
0.046
0.108
0.087
0.099
0.064
0.024
0.069
0.089
0.068
0.043
0.114
0.094
0.096
0.065
0.078
0.093
0.088
0.047
0.034
0.076
0.082
0.089
0.097
0.122
0.091
0.083
0.077
0.101
0.060
0.109
nan
0.072
0.077
0.076
0.069
0.081
0.069
0.067
0.063
0.080
0.052
0.088
0.038
0.077
0.064
0.143
0.085
0.084
0.069
0.115
0.086
0.104
0.083
0.082
0.068
0.076
0.076
0.050
0.084
0.107
0.066
0.080
0.072
0.058
nan
0.070
0.093
0.077
0.071
0.019
0.057
nan
0.012
0.096
0.032
0.064
0.089
0.093
0.098
0.087
0.087
0.087
0.043
0.097
nan
0.080
0.097
0.078
0.085
0.070
0.079
0.104
0.056
0.100
0.101
0.115
0.054
0.066
0.080
0.092
0.082
0.059
0.087
0.067
0.077
0.083
0.073
0.079
0.078
0.103
0.089
0.067
0.112
0.055
0.103
0.091
0.105
0.070
0.052
0.099
0.089
0.086
0.071
0.081
0.100
0.075
0.100
0.047
0.079
0.081
0.069
0.096
0.071
0.109
0.092
0.087
0.068
0.100
0.076
0.095
0.091
0.090
0.085
0.143
0.142
0.100
0.062
0.091
0.071
0.060
0.088
0.085
0.019
0.090
0.098
0.088
0.103
0.098
0.102
0.099
0.099
0.079
0.081
0.101
0.063
0.061
0.075
0.064
0.047
0.140
0.089
0.062
0.085
0.084
0.078
0.093
0.071
0.069
0.093
0.090
0.073
0.098
0.080
0.077
0.111
0.069
0.117
0.085
0.083
0.072
0.070
0.073
0.092
0.048
0.061
0.081
0.092
0.083
0.103
0.071
0.054
0.099
0.079
0.102
0.075
0.069
0.095
0.114
0.087
0.089
0.089
0.094
0.048
0.023
0.019
0.038
0.086
0.077
nan
0.111
0.086
nan
0.069
0.093
0.135
0.183
0.091
0.085
0.074
0.088
0.071
0.083
0.015
0.084
0.080
0.112
0.109
0.123
0.017
0.075
0.120
0.086
0.067
0.089
0.099
0.086
0.074
0.055
0.075
0.077
0.092
0.070
0.090
0.062
0.072
0.072
0.105
0.129
0.080
0.063
0.089
0.071
0.114
0.083
0.078
0.035
0.116
0.077
0.137
0.091
0.087
0.086
0.067
nan
0.075
0.051
0.116
0.066
0.067
0.076
0.068
0.085
0.064
0.075
0.080
nan
0.083
0.118
0.062
0.082
0.027
0.104
0.106
0.077
0.078
0.088
0.081
0.088
0.073
0.127
0.080
0.121
nan
0.111
0.072
0.082
0.035
0.078
0.068
0.070
0.103
0.079
0.063
0.082
0.094
0.111
0.102
0.082
0.078
0.088
0.098
nan
0.069
0.050
0.079
0.080
0.107
0.111
0.118
0.074
0.065
0.069
0.104
0.102
0.084
0.081
0.083
0.095
0.094
0.067
0.088
0.137
0.105
0.070
0.092
0.081
0.065
0.108
0.074
0.120
0.106
0.073
0.065
0.083
0.077
0.091
0.034
0.106
0.077
0.110
0.063
0.106
0.062
0.126
0.098
0.082
0.088
0.078
0.064
0.080
0.033
nan
0.099
0.128
0.084
0.091
0.066
0.092
0.087
0.086
0.070
0.054
0.117
0.065
0.069
0.096
0.035
0.114
0.083
0.076
0.100
0.111
0.076
0.066
0.081
0.078
0.108
0.075
0.091
0.116
0.118
0.078
nan
0.098
0.106
0.098
0.083
0.078
0.095
0.072
0.100
0.103
0.072
0.088
0.094
0.102
0.100
0.055
0.047
0.064
0.104
0.069
0.093
0.095
0.090
0.099
0.115
0.101
0.081
0.066
0.090
0.087
0.067
0.070
0.090
0.097
0.056
0.108
0.066
0.078
0.103
0.119
0.064
0.077
0.087
0.075
0.087
0.043
0.077
0.091
0.143
0.083
0.060
0.070
0.125
0.076
0.081
0.090
0.089
0.052
0.075
0.083
0.120
0.071
0.061
0.082
0.072
0.056
0.154
0.081
0.072
0.068
0.095
0.105
0.095
0.076
0.072
0.061
0.078
0.069
nan
0.104
0.096
0.083
0.106
0.079
0.092
0.071
0.082
0.080
0.118
0.107
0.092
0.078
0.155
0.082
0.042
0.067
0.064
0.093
0.051
0.098
0.103
0.106
0.093
0.069
0.102
0.078
0.042
0.094
0.120
0.086
0.047
0.085
0.070
0.073
0.071
0.112
nan
0.088
0.075
0.075
0.087
0.077
0.149
0.082
0.094
0.072
0.071
0.083
0.110
0.100
0.105
0.083
0.099
0.085
0.095
0.127
0.096
0.117
0.118
0.060
0.085
0.071
0.092
0.104
0.134
0.061
0.100
0.097
0.088
0.094
0.084
0.105
0.089
0.114
0.089
0.080
0.089
0.080
nan
0.118
0.108
0.117
0.083
0.070
0.065
0.079
0.087
0.030
0.075
0.077
0.103
0.082
0.089
0.092
0.071
0.089
0.063
0.018
0.069
0.101
0.083
0.080
0.114
0.084
0.079
0.111
0.100
0.088
0.100
0.046
0.087
0.082
0.015
0.104
0.096
0.074
0.089
0.067
0.073
0.056
0.083
0.063
0.087
0.075
0.061
0.085
0.074
0.078
0.092
0.100
0.063
0.046
0.072
0.073
nan
0.076
0.081
0.096
0.094
0.079
0.083
0.094
0.114
0.089
0.096
0.080
0.090
0.065
0.102
0.091
0.112
0.092
0.108
0.080
0.084
0.088
0.066
0.112
0.091
0.089
0.089
0.109
0.078
0.079
0.065
0.100
0.098
0.075
0.083
0.112
0.120
0.098
0.076
0.070
0.085
0.061
0.042
0.073
0.080
0.088
0.089
0.083
0.059
0.096
0.065
0.107
0.088
0.077
nan
0.066
0.104
0.088
0.109
0.036
0.048
0.072
0.096
0.069
nan
0.089
0.079
0.128
0.121
0.073
0.077
0.070
0.085
0.032
0.075
0.107
0.081
0.065
0.062
0.104
0.079
0.062
0.068
0.069
0.106
0.062
0.099
0.108
0.062
0.073
0.085
0.119
0.101
0.070
0.094
0.106
0.111
0.074
0.122
0.098
0.108
0.085
0.071
0.092
0.078
0.079
0.090
0.035
0.101
0.082
0.109
0.067
0.102
0.093
0.033
0.100
0.087
0.024
0.073
0.070
0.087
0.065
0.115
0.073
0.125
0.072
0.093
0.082
0.099
0.086
0.092
0.112
nan
0.080
0.058
0.073
0.090
0.055
0.112
0.102
0.092
0.099
0.101
0.108
0.119
0.109
0.093
0.123
0.089
0.072
0.114
0.066
0.079
0.115
0.099
0.097
0.101
0.094
0.103
0.079
0.090
0.085
0.118
0.042
0.098
0.104
0.088
0.076
0.096
0.094
0.092
0.089
0.090
0.089
0.068
0.080
0.082
0.101
0.086
0.087
0.079
0.068
0.073
0.098
0.115
0.107
0.054
0.114
nan
0.089
0.095
0.078
0.093
0.119
0.084
0.085
0.020
0.097
0.120
0.079
0.106
0.084
0.104
0.091
0.062
0.089
0.111
0.087
0.055
0.087
0.141
0.133
0.086
0.107
0.098
0.106
0.093
0.069
0.079
0.081
0.089
0.102
0.025
0.070
0.105
0.066
0.120
0.067
0.064
0.089
0.109
0.076
0.087
0.077
0.064
0.066
0.105
0.069
0.087
0.045
0.122
0.081
0.094
0.062
0.073
0.085
0.108
0.062
0.123
0.109
0.108
0.083
0.074
0.127
0.096
0.091
0.074
0.084
0.089
0.109
0.101
0.088
0.077
0.140
0.047
0.133
0.071
0.114
0.126
0.072
0.092
0.078
0.043
0.092
0.090
0.079
0.120
0.068
0.112
0.076
nan
0.107
0.084
0.080
0.055
0.080
0.079
0.097
0.112
0.106
0.118
0.072
0.074
0.078
0.081
0.068
0.069
0.066
0.089
0.084
0.062
0.067
0.046
0.065
0.069
0.051
0.080
0.092
0.072
0.119
0.086
0.089
0.098
0.073
0.097
0.100
0.175
0.119
0.089
0.086
0.089
0.083
0.083
0.068
0.076
0.048
0.115
0.082
0.071
0.068
0.066
0.091
0.079
0.106
0.118
0.067
0.103
0.067
0.079
0.081
0.087
0.077
0.077
0.077
0.051
0.112
0.098
0.078
0.061
0.065
0.032
0.042
0.068
0.063
0.117
0.072
0.071
0.068
0.025
0.039
0.121
0.044
0.076
0.091
0.095
0.067
0.077
0.062
0.090
0.091
0.080
0.068
0.070
0.123
0.087
0.089
0.118
0.063
0.111
0.073
0.083
0.071
0.054
0.082
0.086
0.080
0.084
0.066
0.112
0.073
0.065
0.084
0.063
0.100
0.079
0.106
0.020
0.096
0.088
0.087
0.086
0.081
0.100
0.070
0.077
0.098
0.070
0.068
0.100
0.099
0.082
0.068
0.073
0.056
0.097
0.084
0.076
0.121
0.082
0.069
0.080
0.070
0.103
0.087
0.070
0.080
0.090
0.068
0.081
0.081
0.083
0.075
0.095
0.042
0.064
0.096
0.069
0.084
0.098
0.075
0.079
0.082
0.091
0.104
0.068
0.094
0.098
0.071
0.076
0.057
0.090
0.079
0.068
0.084
0.094
0.091
0.048
0.083
0.043
0.082
0.081
0.087
0.096
0.123
0.108
nan
0.068
0.116
0.070
0.067
0.076
0.095
0.068
0.078
0.085
0.076
0.064
0.071
nan
0.079
0.068
0.087
0.073
0.090
nan
nan
0.063
0.072
0.090
0.053
0.154
0.104
0.078
0.088
0.074
0.105
0.065
0.077
0.072
0.066
0.086
0.122
0.126
0.118
0.066
0.085
0.077
0.067
0.126
0.033
0.069
0.076
0.112
0.081
0.086
0.107
0.106
0.079
nan
0.064
0.093
0.078
0.068
0.117
0.075
0.066
0.083
0.113
0.094
0.072
0.037
0.081
0.089
0.082
0.088
0.071
0.020
0.096
0.078
0.082
0.106
0.080
0.067
nan
0.066
0.063
0.083
0.054
0.065
0.047
0.084
0.089
0.074
0.078
0.093
0.065
0.070
0.104
0.090
0.062
0.083
0.104
0.081
0.086
0.089
0.102
0.072
0.092
0.058
0.078
0.080
0.084
0.080
0.122
0.077
0.087
0.083
0.077
0.079
0.069
0.098
0.078
0.051
0.102
0.063
0.070
0.074
0.071
0.102
0.085
0.062
0.086
0.084
0.087
0.109
0.109
0.076
0.121
0.091
0.082
0.088
0.089
0.107
0.088
0.110
0.065
0.084
0.077
0.088
0.085
0.081
0.093
0.079
0.060
0.060
0.075
nan
0.100
0.092
0.079
0.073
0.086
0.057
0.065
0.134
0.078
0.089
0.065
0.108
0.071
0.091
0.105
0.087
0.113
0.108
0.080
0.079
0.074
0.056
0.074
0.106
0.078
0.084
0.080
0.107
0.089
0.061
0.121
0.082
0.111
0.058
0.069
0.114
0.122
0.119
0.103
0.103
0.120
0.076
0.054
0.059
0.081
0.092
0.091
0.069
0.123
0.062
0.094
0.059
0.080
0.108
0.061
0.091
0.064
0.104
0.123
0.081
0.140
0.071
0.089
0.091
0.094
0.078
0.066
0.141
0.094
0.053
0.046
0.115
0.048
0.088
0.135
0.104
0.068
0.101
0.078
0.056
0.105
0.069
0.079
0.071
0.089
0.105
0.097
0.069
0.065
0.091
0.084
0.084
0.086
0.075
0.106
0.082
0.097
0.067
0.109
0.063
0.043
0.051
0.101
0.073
0.066
0.089
0.071
0.071
0.087
0.091
0.103
0.080
0.107
0.075
0.071
0.080
0.084
0.090
0.087
nan
0.107
0.093
0.101
0.077
0.135
0.079
0.122
0.082
0.082
0.092
0.084
0.054
0.107
0.084
0.081
0.104
0.114
0.051
0.072
0.055
0.076
0.062
0.063
0.065
0.064
0.072
0.095
0.074
0.109
0.065
0.086
0.130
0.075
0.107
0.090
nan
0.048
0.087
0.084
0.096
0.089
0.079
0.083
0.078
0.073
0.075
0.067
0.066
0.076
0.084
0.065
nan
0.071
0.117
nan
0.092
0.068
0.085
0.065
0.112
0.056
0.075
0.070
0.090
0.084
0.109
0.066
0.121
0.091
0.086
0.074
0.074
0.065
0.030
0.102
0.082
0.092
0.074
0.085
0.076
0.088
0.122
0.076
0.072
0.096
0.085
0.092
0.109
0.141
0.073
nan
0.078
0.073
nan
0.068
0.064
0.088
0.072
0.078
0.092
0.105
0.072
0.014
0.112
0.079
0.100
0.071
0.055
0.096
0.062
0.098
0.108
0.071
0.080
0.079
0.119
0.089
0.073
0.084
0.093
0.088
0.085
0.074
0.076
0.054
0.088
0.077
0.069
0.088
0.103
0.087
0.065
0.067
0.080
0.076
0.078
0.112
0.096
nan
0.061
0.093
0.121
0.095
0.110
0.072
0.104
0.081
0.083
0.107
0.088
0.143
0.109
0.097
0.070
0.073
0.104
0.086
0.080
0.078
0.080
0.081
0.131
0.080
0.075
0.072
0.075
0.080
0.072
0.123
0.089
0.068
0.131
0.097
0.086
0.091
0.078
0.081
0.102
0.069
0.074
0.065
0.099
0.030
0.074
0.071
0.097
0.071
0.107
0.084
0.055
0.033
0.097
0.085
0.036
0.076
0.080
0.089
0.104
0.064
0.080
0.083
0.089
0.070
0.067
0.073
0.088
0.093
0.022
0.090
0.065
0.063
0.075
0.086
0.048
0.085
0.068
0.101
0.123
0.068
0.079
0.079
0.071
0.076
0.080
0.077
0.122
0.096
0.117
nan
0.143
0.083
0.073
0.094
0.103
0.109
0.081
0.105
0.086
0.071
0.082
0.087
0.125
0.120
0.082
0.096
0.105
0.077
0.090
0.069
0.079
0.090
0.040
0.076
0.125
0.104
0.067
0.067
0.084
0.093
0.079
0.088
0.094
0.082
0.048
0.092
0.094
0.081
0.080
0.101
0.068
0.091
0.086
0.092
0.071
0.106
0.079
0.078
0.064
0.090
0.093
0.080
0.079
0.064
0.076
0.089
0.049
0.096
0.068
0.070
0.092
0.062
0.066
0.106
0.082
0.106
0.088
0.076
0.089
0.081
0.097
0.132
0.077
0.091
0.100
0.074
0.134
0.092
0.074
0.069
0.113
0.069
0.078
0.064
0.074
0.088
0.082
0.088
0.055
0.126
0.085
0.071
nan
0.072
0.071
0.086
0.098
0.063
0.094
0.121
0.096
0.081
0.073
0.075
0.019
0.053
0.058
0.091
0.079
0.068
0.098
0.087
0.072
0.068
0.090
0.051
0.093
0.090
0.072
0.111
0.089
0.072
0.103
0.065
0.065
0.082
0.090
0.095
0.078
0.115
0.063
0.071
0.028
0.066
0.078
0.068
0.101
0.099
0.072
0.069
0.078
0.069
0.031
0.088
0.087
0.100
0.103
0.110
0.062
0.111
0.045
0.082
0.070
0.086
0.102
0.089
nan
0.072
0.093
0.063
0.093
0.085
0.068
0.078
0.112
0.069
0.088
0.081
0.082
0.068
0.053
0.091
0.056
0.083
0.093
0.090
0.096
0.065
0.063
0.108
0.070
0.099
0.072
0.081
0.018
0.088
0.043
0.086
0.046
0.103
0.083
0.108
0.079
0.092
0.092
0.079
0.077
0.110
0.078
0.082
0.080
0.061
0.106
0.093
0.078
0.110
0.088
0.090
0.075
0.070
0.075
0.085
0.066
0.118
0.111
0.035
0.066
0.094
0.070
0.067
0.064
0.092
0.122
0.088
0.087
0.052
0.071
0.116
0.090
0.079
0.087
0.093
0.072
0.070
0.139
0.073
0.108
0.087
0.076
0.028
0.067
0.084
0.102
0.085
0.072
0.048
nan
0.071
0.097
0.122
0.085
0.103
0.100
0.082
0.086
0.082
0.060
0.082
0.050
0.120
0.089
0.089
0.071
0.050
0.076
0.102
0.073
0.097
0.053
0.103
0.085
0.077
0.074
0.074
0.105
0.079
0.103
0.092
0.095
0.054
0.098
0.090
0.078
0.093
0.115
0.070
0.111
0.086
0.082
0.072
0.057
0.109
0.076
0.080
0.081
0.086
0.119
0.095
0.102
0.071
0.075
0.064
0.109
0.072
0.073
0.120
0.110
0.103
0.104
0.063
0.108
0.075
0.078
0.087
0.093
0.072
0.032
0.093
0.088
0.104
0.092
0.087
0.101
0.082
0.090
0.088
0.078
0.067
0.081
0.088
0.105
0.107
nan
0.116
0.089
0.075
0.089
0.053
0.107
0.096
0.088
0.053
0.104
0.097
0.108
0.094
0.056
0.087
0.107
0.071
0.072
0.092
0.080
0.029
0.065
0.090
0.120
0.120
0.105
0.079
0.091
0.074
0.053
0.044
0.120
0.077
nan
0.114
0.064
0.077
0.076
0.081
0.087
0.077
0.081
0.082
nan
0.070
0.094
0.077
0.035
0.016
0.094
0.121
0.063
0.086
0.080
0.082
0.039
0.089
0.059
nan
0.107
0.084
0.071
0.071
0.120
0.116
0.077
0.104
0.086
0.094
0.088
0.064
0.087
0.062
0.106
0.075
0.110
0.071
0.075
0.114
0.095
0.079
0.053
0.081
0.093
0.074
0.100
0.052
0.115
0.070
0.077
0.051
0.085
0.078
0.064
nan
0.095
0.082
0.109
0.077
0.051
0.088
0.074
0.058
0.064
0.063
0.073
0.073
0.020
0.095
0.073
0.070
0.102
0.080
0.064
0.074
0.081
0.064
0.104
0.112
0.074
0.043
0.062
0.108
0.091
0.073
0.088
0.073
0.081
0.066
0.072
0.100
0.076
0.046
0.107
0.090
0.088
0.070
0.080
nan
0.078
0.082
0.091
0.086
0.062
0.092
0.120
0.071
0.076
0.045
0.103
0.073
0.108
0.073
0.074
0.115
0.090
0.106
0.080
0.073
0.099
0.070
0.129
0.076
0.094
nan
0.058
0.063
0.092
0.045
0.089
0.134
0.081
0.073
0.075
0.088
0.066
0.093
0.095
0.080
0.070
0.070
0.078
0.105
0.080
0.087
0.107
0.094
0.104
0.076
0.118
nan
0.105
0.063
0.090
0.041
0.066
0.071
0.116
0.109
0.084
0.075
0.081
0.074
0.081
0.072
0.090
0.073
0.123
0.114
0.082
0.074
0.099
0.106
0.050
0.081
0.106
0.083
0.047
0.098
0.036
0.082
0.046
nan
0.092
0.089
0.065
0.074
0.062
0.071
0.057
0.108
0.111
0.121
nan
0.073
0.083
0.110
0.090
0.086
0.091
0.085
0.109
0.081
0.096
0.071
0.090
0.077
0.122
0.089
0.075
0.083
0.064
0.070
0.089
0.104
0.108
0.071
0.067
0.125
0.070
0.075
0.077
0.109
0.081
0.077
0.136
0.120
0.088
0.073
0.108
0.070
0.072
0.090
0.103
0.120
0.082
0.094
0.068
0.070
0.119
0.111
0.071
0.079
0.122
0.095
0.063
0.099
0.082
0.074
0.065
0.086
0.102
0.064
0.074
0.103
0.068
0.094
0.141
0.108
0.078
0.087
0.119
0.080
0.072
0.073
nan
0.118
0.075
0.095
0.090
0.071
0.088
0.081
0.098
0.123
0.072
0.086
0.060
0.072
0.074
0.068
0.093
0.106
0.066
0.123
0.095
0.113
0.084
0.083
0.089
0.110
0.080
0.062
0.070
0.084
0.082
0.077
0.076
0.060
0.089
0.068
0.075
0.073
0.085
0.091
0.107
0.127
0.110
0.111
0.072
0.063
0.065
0.079
0.081
0.056
0.092
0.088
0.071
0.069
0.065
0.122
0.095
0.078
0.121
0.071
0.086
0.084
0.073
0.071
0.077
0.140
0.064
0.089
0.093
0.084
0.073
0.108
0.072
0.089
0.104
0.090
0.099
0.111
0.097
0.093
0.064
0.088
0.071
0.070
0.080
0.066
0.092
0.065
0.112
0.097
0.084
0.081
0.076
0.089
0.099
0.093
0.118
0.103
0.082
0.108
0.075
0.088
0.079
0.074
0.084
0.067
0.051
0.103
0.084
0.059
0.089
0.062
0.066
0.084
0.082
0.068
0.071
0.107
nan
0.077
0.081
0.086
0.069
0.089
0.064
0.112
0.071
0.061
0.087
0.093
0.111
0.052
0.065
0.094
0.075
0.046
0.024
0.082
0.080
0.070
0.071
0.116
0.120
0.060
0.133
0.119
0.095
0.122
0.066
0.108
0.091
0.067
0.082
0.112
0.088
0.069
0.061
0.064
0.069
0.077
0.062
0.102
0.088
0.069
0.097
0.094
0.085
0.084
0.115
0.069
0.075
0.076
0.075
0.060
0.064
0.081
0.078
0.088
0.100
0.080
0.104
0.070
0.066
0.065
0.081
0.071
0.063
0.078
0.068
0.114
0.079
0.118
0.080
0.078
0.077
0.091
0.073
0.071
0.089
0.117
0.066
0.069
0.070
0.072
0.071
0.107
0.077
0.077
0.066
0.081
0.063
0.084
0.092
0.065
0.069
0.121
0.088
0.074
0.095
0.106
0.066
0.067
0.088
0.073
0.073
0.070
0.063
0.082
0.074
0.105
0.120
0.089
0.070
0.073
0.072
0.038
0.074
0.067
0.061
0.117
0.107
0.064
0.102
0.079
0.061
0.096
0.086
0.064
0.075
0.069
0.100
0.071
0.104
0.067
0.105
0.104
0.079
0.080
0.090
0.070
0.108
0.090
0.077
0.061
0.114
0.094
0.080
nan
0.145
0.072
0.097
0.073
0.069
0.114
0.073
0.094
0.083
0.068
0.067
0.087
0.067
0.090
0.064
0.071
0.107
0.057
0.080
0.088
0.110
0.086
0.102
0.081
0.088
0.095
0.069
0.055
0.073
0.070
0.092
0.088
0.062
0.069
0.069
0.075
0.070
0.065
0.103
0.071
0.091
0.055
0.123
0.076
0.085
0.088
0.069
0.076
0.069
0.110
0.075
0.064
0.098
0.078
0.068
0.063
0.096
0.070
0.069
0.098
0.020
0.091
0.081
0.102
0.117
0.058
0.084
0.069
0.075
0.069
0.068
0.094
0.117
0.086
0.088
0.113
0.073
0.086
0.098
0.068
0.010
0.044
0.070
0.075
0.087
0.100
0.083
0.069
0.048
0.081
0.084
0.087
0.109
0.065
0.077
0.093
0.076
0.073
0.070
0.077
0.096
0.059
0.107
0.076
0.083
0.122
0.064
0.032
0.075
0.081
0.097
0.075
0.069
0.075
0.037
0.084
0.092
0.085
0.074
0.090
0.040
0.094
0.067
0.075
0.087
0.042
0.066
0.076
0.038
0.101
0.052
0.096
0.085
0.069
0.066
0.077
0.081
0.064
0.084
0.099
0.124
0.063
0.078
0.071
0.088
0.096
0.071
0.074
0.124
0.119
0.071
0.064
0.073
0.070
0.064
0.074
0.073
nan
0.103
0.069
0.119
0.073
0.063
0.075
0.064
0.082
0.079
0.089
0.079
0.089
0.071
0.103
0.069
0.077
0.063
0.100
0.073
0.070
0.077
0.070
0.093
0.086
0.122
0.070
0.087
nan
0.083
0.118
0.066
0.086
0.089
0.096
0.074
0.089
0.106
0.083
0.085
0.092
0.121
0.063
0.074
0.088
0.072
0.089
0.067
0.082
0.081
0.081
0.073
0.109
0.075
0.117
0.070
0.038
0.079
0.115
0.105
0.063
0.077
0.070
0.071
0.101
0.089
0.090
0.095
nan
0.073
0.111
0.071
nan
0.079
0.068
0.104
0.072
0.064
0.072
0.084
0.083
0.075
0.051
0.095
0.077
0.076
0.068
0.066
0.096
nan
0.088
0.102
0.121
0.075
0.069
0.078
0.079
0.065
0.091
0.071
0.107
0.084
0.131
nan
0.113
0.099
0.056
0.069
0.081
0.056
0.091
0.116
0.085
0.083
0.085
0.124
0.068
0.104
0.101
0.069
0.084
0.080
0.079
0.082
0.114
0.128
nan
0.061
0.092
0.070
0.041
0.110
0.063
0.074
0.088
0.101
0.112
0.076
0.072
0.078
0.123
0.077
0.067
0.074
0.030
nan
0.091
0.071
0.073
0.053
0.100
0.071
0.075
0.060
0.084
0.069
0.066
0.077
0.073
0.075
0.098
0.046
0.076
0.096
0.088
0.058
0.034
0.085
0.113
0.069
0.082
0.064
0.073
0.086
0.069
0.064
0.088
0.088
0.063
0.077
0.101
0.084
0.073
0.111
0.076
0.108
0.081
0.086
0.083
0.071
0.085
0.069
0.062
nan
0.086
0.066
0.058
0.079
0.077
0.104
0.066
0.078
0.093
0.065
0.074
0.104
0.116
0.091
0.094
0.081
0.087
0.109
0.118
0.069
0.074
0.085
0.113
0.071
0.083
0.083
0.102
0.084
0.071
0.094
0.091
0.074
0.096
0.091
0.083
0.085
0.056
nan
0.087
0.066
0.069
0.089
0.069
0.044
0.088
0.076
0.066
0.073
0.081
0.075
nan
0.094
0.079
0.068
0.079
0.080
0.072
0.105
0.065
0.063
0.074
0.089
0.071
0.069
0.077
0.071
0.108
0.084
0.045
0.112
0.088
0.073
0.096
0.075
0.075
0.079
0.081
0.074
0.088
0.066
0.121
0.073
0.068
0.083
0.088
0.105
0.073
0.047
0.102
0.095
0.070
0.077
0.069
0.072
0.086
0.073
0.068
0.077
0.081
0.069
0.090
0.106
0.090
0.056
0.069
0.106
0.086
0.096
0.137
0.073
0.064
0.072
0.081
0.094
0.055
0.068
0.073
0.056
0.099
0.094
0.105
0.090
0.082
0.078
0.056
0.073
0.067
0.076
0.104
0.074
0.073
0.093
0.089
0.074
0.112
0.047
0.070
0.093
0.073
0.075
0.076
0.113
0.072
0.096
0.111
0.089
0.069
0.066
0.064
0.087
0.090
0.067
0.112
0.064
0.075
0.076
0.090
0.069
0.077
0.120
0.078
0.073
0.067
0.064
0.078
0.063
0.107
0.034
0.066
0.070
0.068
0.113
0.077
0.086
0.067
0.073
0.070
0.065
0.095
0.068
0.106
0.083
0.076
0.085
0.103
0.101
0.076
0.071
0.070
0.102
0.066
0.085
0.073
0.078
0.071
0.085
0.103
0.083
0.077
0.094
0.054
0.080
0.071
0.070
0.090
0.075
0.073
0.095
0.102
0.069
0.068
0.118
0.077
0.069
0.086
0.088
0.068
0.088
0.082
0.066
0.070
0.073
0.096
0.090
0.119
0.081
0.105
0.123
0.074
0.062
0.085
0.089
0.071
0.078
0.079
0.069
0.123
nan
0.082
0.086
0.068
0.064
0.121
0.100
0.034
0.064
0.049
0.074
0.094
0.099
0.080
0.077
0.064
0.084
0.068
0.089
0.096
0.089
0.109
0.072
0.096
0.105
0.074
0.122
0.082
0.104
0.080
0.119
0.084
0.069
0.080
0.073
0.073
0.092
0.070
0.094
0.077
0.065
0.075
0.073
0.070
0.114
0.119
0.072
0.115
0.063
0.066
0.071
0.069
0.064
0.103
0.082
0.083
0.075
0.066
0.071
0.073
0.068
0.094
0.064
0.075
0.050
0.052
0.105
0.077
0.074
0.070
0.091
0.114
0.088
0.076
0.089
0.072
0.082
0.106
0.067
0.073
0.120
0.106
0.094
0.077
0.097
0.104
0.069
0.082
0.072
0.065
0.129
0.122
0.075
0.058
0.087
0.064
0.084
0.114
0.073
0.073
0.087
0.081
0.096
0.067
0.126
0.079
0.070
0.105
0.069
0.110
0.066
0.067
0.088
0.077
0.125
0.066
0.085
0.067
0.067
0.044
0.075
0.083
0.054
0.088
nan
0.067
0.085
0.063
0.087
0.073
0.080
0.088
0.070
0.126
0.111
nan
0.081
0.036
0.065
0.072
0.085
0.112
0.065
0.082
0.068
0.063
0.069
0.070
0.050
0.045
0.021
0.083
0.078
0.058
0.081
0.066
0.074
0.064
0.031
0.065
0.073
0.074
0.121
0.088
0.069
0.076
0.072
0.081
0.068
0.043
0.078
0.089
0.109
0.059
0.043
0.112
0.087
0.104
0.077
0.065
0.068
0.063
0.073
0.100
0.077
0.076
0.064
0.086
0.086
0.073
0.066
0.061
0.071
0.095
0.097
0.101
0.104
0.068
0.023
0.076
0.067
0.072
0.080
0.070
0.071
0.118
0.069
0.073
0.083
0.073
0.068
0.102
0.077
0.074
0.068
0.116
0.077
0.090
0.070
0.072
0.065
0.071
0.042
0.069
0.075
0.120
0.073
0.071
0.084
0.086
0.073
0.099
0.088
0.060
0.071
0.074
0.073
0.123
0.095
0.078
0.069
0.067
0.069
0.076
0.084
0.122
0.103
0.070
0.070
0.090
0.089
0.072
0.064
0.088
0.068
0.079
0.070
0.071
0.066
0.091
0.099
0.069
0.066
0.068
0.073
0.073
0.110
0.065
0.121
0.079
0.066
0.058
0.043
0.088
0.068
0.076
0.115
0.064
0.072
0.081
0.074
0.082
0.069
0.080
0.089
0.066
0.101
nan
0.077
0.067
0.089
0.083
0.070
0.073
0.083
0.069
0.048
0.085
0.087
0.088
0.067
0.089
0.090
0.120
0.095
0.071
0.066
0.075
0.072
0.081
0.069
0.080
0.080
0.115
0.069
0.078
0.078
0.074
0.090
0.064
nan
0.081
0.072
0.079
0.076
0.105
0.068
0.077
0.069
0.066
0.084
0.077
0.099
0.074
0.107
0.072
0.104
0.065
0.072
0.073
0.069
0.068
0.072
0.088
0.072
0.078
0.113
0.092
0.120
0.092
0.032
0.132
0.073
0.080
0.099
0.099
0.070
0.087
0.069
0.079
0.109
0.071
0.080
0.076
0.069
0.076
0.068
0.065
0.101
0.097
0.080
0.074
0.075
0.083
0.063
0.120
0.073
0.089
0.088
0.071
0.083
0.080
0.064
0.080
0.094
0.101
0.081
0.081
0.075
0.066
0.118
0.068
0.120
0.069
0.079
0.091
0.096
0.070
0.074
0.045
0.090
0.071
0.071
0.078
0.071
0.094
0.076
0.094
0.069
0.083
0.091
0.069
0.098
0.043
0.074
0.069
0.097
0.075
0.074
0.069
0.065
0.075
0.117
0.080
0.087
0.072
0.068
0.072
0.118
0.094
0.092
0.092
0.073
0.074
0.135
0.082
0.083
0.070
0.077
0.064
0.079
0.080
0.071
0.083
nan
0.073
nan
0.088
0.120
0.068
0.102
0.068
0.073
0.092
0.072
0.088
0.068
0.054
0.071
0.081
0.074
0.073
0.068
0.110
0.065
0.104
0.076
0.108
0.075
0.046
0.106
0.121
0.095
0.109
0.065
0.121
0.080
0.112
0.023
0.108
0.082
0.120
0.091
0.081
0.115
0.063
0.113
0.083
0.071
0.071
0.076
0.075
0.065
0.069
0.077
0.094
0.091
0.086
0.083
0.073
0.091
0.079
0.066
0.067
0.081
0.071
0.075
0.122
0.091
0.024
0.091
0.082
0.064
0.085
0.084
0.071
0.064
0.131
0.087
0.074
0.109
0.076
0.065
0.074
0.073
0.088
0.081
0.069
0.072
0.065
0.117
0.076
0.141
0.069
0.068
0.073
0.120
0.076
0.079
0.072
0.088
0.069
0.053
0.086
0.083
0.071
0.077
0.073
0.071
0.070
0.066
0.086
0.091
0.085
0.084
0.071
0.087
0.069
0.067
0.078
0.071
0.083
0.072
0.072
0.068
0.068
0.069
0.107
0.072
0.076
0.095
0.065
0.079
0.072
0.073
0.081
0.069
0.072
0.072
0.077
0.065
0.069
0.114
0.088
0.067
0.069
0.077
0.129
0.069
0.076
0.065
0.072
0.122
0.068
0.071
0.071
0.085
0.110
0.086
0.065
0.072
0.102
0.064
0.069
0.088
0.068
0.077
0.097
0.088
0.090
0.067
0.076
0.073
0.116
0.079
0.070
0.142
0.070
0.087
0.074
0.041
0.062
0.067
0.045
0.071
0.068
0.091
0.071
0.073
0.084
0.074
0.093
0.097
0.066
0.062
0.082
0.079
0.085
0.121
0.101
0.073
0.073
0.072
0.072
0.063
0.072
0.069
0.098
0.082
0.096
0.091
0.073
0.083
0.122
0.066
0.082
0.077
nan
0.071
0.065
0.039
0.109
0.068
0.119
0.090
0.081
0.035
0.075
0.092
nan
0.063
0.069
0.100
0.087
0.065
0.082
0.073
0.075
0.081
0.090
0.114
0.036
nan
0.078
nan
0.078
0.073
0.085
0.069
0.071
0.068
0.069
0.090
0.072
0.075
0.073
0.082
0.080
0.095
0.077
0.089
0.101
0.054
0.105
0.088
0.066
0.089
0.102
0.078
0.073
0.068
0.086
0.072
nan
0.072
0.075
0.067
0.075
0.084
0.073
0.109
0.071
0.076
0.071
0.070
0.069
0.075
0.069
0.105
0.071
0.082
0.082
0.067
0.070
0.080
0.106
0.133
0.102
0.093
0.089
0.101
0.039
0.074
0.083
nan
0.073
0.070
0.069
0.084
0.065
0.080
nan
0.092
0.086
0.098
0.071
0.086
0.122
0.074
0.091
0.097
0.078
0.096
0.083
0.071
0.095
0.069
0.043
0.063
0.071
0.073
0.075
0.111
0.039
0.089
0.031
0.122
0.095
0.073
0.091
0.079
0.074
0.074
0.067
0.066
0.067
0.115
0.069
0.070
0.087
nan
0.118
0.105
0.085
0.068
0.088
0.086
0.071
0.073
0.118
0.069
nan
0.074
0.074
0.079
0.066
0.085
nan
0.074
0.092
0.072
0.074
0.079
0.082
0.070
0.082
0.030
0.082
0.082
0.101
0.064
0.067
nan
0.120
0.055
0.089
0.088
0.069
0.049
0.073
0.072
0.076
0.073
0.091
0.076
0.069
0.089
0.066
0.068
0.073
0.072
0.095
0.093
0.086
0.121
0.118
0.095
0.074
0.098
0.073
0.080
0.083
0.089
0.108
0.122
0.068
0.079
0.056
0.115
0.069
0.061
0.077
0.086
0.074
0.093
0.093
0.073
0.066
0.076
0.076
0.119
0.080
0.070
0.065
0.071
0.138
0.068
0.096
0.091
0.074
0.084
0.114
0.091
0.094
0.094
0.069
0.083
0.106
0.120
0.088
nan
0.071
0.056
0.094
0.078
0.075
0.069
0.070
0.091
0.074
0.063
0.075
0.094
0.084
0.082
0.066
0.076
0.086
0.076
0.072
0.075
0.077
0.094
0.069
0.046
0.029
0.086
0.070
0.070
0.069
0.098
0.071
0.088
0.080
0.075
0.083
0.073
0.135
0.063
0.093
0.072
0.076
0.067
0.065
0.073
0.100
0.064
0.078
0.081
0.108
0.074
0.074
0.118
0.093
0.091
0.088
0.073
0.064
0.082
0.086
0.088
0.084
0.117
0.064
0.057
0.068
0.160
0.069
0.091
0.079
0.068
0.073
0.087
0.066
0.076
0.073
0.075
0.092
0.069
0.072
0.068
0.081
0.088
0.072
0.103
0.068
0.077
0.060
0.076
0.074
0.072
0.092
0.115
0.076
0.071
0.077
0.097
0.071
nan
0.090
0.067
0.095
0.077
0.074
0.079
0.068
0.089
0.072
0.058
0.067
0.122
0.082
0.114
0.087
nan
0.075
0.076
0.079
0.097
0.064
0.114
0.079
0.064
0.069
0.074
0.085
0.073
0.063
0.072
0.073
0.094
0.077
0.089
0.080
0.071
0.079
0.075
0.072
0.081
0.072
0.084
0.104
0.120
0.068
0.071
0.078
0.071
0.091
0.122
0.078
0.078
0.072
0.071
0.086
0.119
0.085
0.089
0.081
0.071
0.081
0.068
0.093
0.071
0.098
0.091
0.070
0.090
0.066
0.085
0.091
0.093
0.081
0.066
0.077
0.062
0.072
0.120
0.121
0.073
0.015
0.075
0.039
0.059
0.089
0.076
0.036
0.071
0.065
0.073
0.083
0.073
0.074
0.074
0.085
0.065
0.123
0.116
0.092
0.087
0.068
0.115
0.071
0.086
0.100
0.065
0.121
0.070
0.119
0.068
0.078
0.078
0.073
nan
0.102
0.078
0.085
0.087
0.076
0.068
0.073
0.075
0.036
0.091
0.116
0.055
0.085
0.065
0.091
0.082
0.104
0.082
0.137
0.089
0.069
0.079
0.070
0.087
0.075
0.065
0.069
0.072
0.074
0.094
0.082
0.068
0.096
0.076
0.083
0.115
0.073
0.072
0.122
0.096
0.123
0.083
0.086
0.083
0.069
0.078
0.065
0.065
0.033
0.118
0.078
0.078
0.065
0.075
0.072
0.073
0.062
0.072
0.063
0.092
0.088
0.073
0.073
0.092
0.103
nan
0.072
0.063
0.089
nan
0.080
0.079
0.062
0.074
0.075
0.116
0.022
0.074
0.079
0.064
0.047
0.066
0.072
0.072
0.078
0.114
0.103
0.020
0.088
0.073
0.060
0.072
0.075
0.084
0.082
0.091
0.080
0.079
0.075
0.085
0.099
0.085
0.084
0.064
0.054
0.073
0.070
0.074
0.077
0.071
0.053
0.080
0.065
0.050
0.091
0.069
0.066
0.088
0.074
0.082
0.092
nan
0.090
0.068
0.073
0.075
0.116
0.092
nan
0.105
0.131
0.067
0.113
0.082
0.089
0.091
0.074
0.074
0.076
0.071
0.071
0.076
0.073
0.082
0.072
0.080
0.093
0.094
0.069
0.092
0.113
0.070
0.092
0.070
0.073
0.091
0.107
0.064
0.097
0.068
0.104
0.069
0.069
0.078
0.086
0.091
0.071
0.061
0.051
0.070
0.073
0.122
0.078
0.076
0.071
0.086
0.070
0.077
0.076
0.072
0.121
0.100
0.079
0.093
0.070
0.102
0.101
0.136
0.067
0.097
0.106
0.074
0.039
0.073
0.073
0.067
0.069
0.078
0.080
0.149
0.073
0.072
0.064
0.121
0.049
0.122
0.058
0.089
0.123
0.121
0.091
nan
0.074
0.107
0.070
0.100
0.078
0.090
0.095
0.068
0.080
nan
0.109
0.071
0.073
0.091
0.056
0.069
0.107
0.072
0.119
0.077
0.084
0.071
0.068
0.088
0.086
0.068
0.080
0.115
0.078
0.077
0.095
0.076
0.077
0.090
0.092
0.074
0.106
0.089
0.086
0.077
0.120
0.050
0.133
nan
0.117
nan
0.115
0.099
nan
0.121
0.074
0.088
0.092
0.088
0.089
0.121
0.074
0.095
0.126
0.118
0.121
0.072
0.099
0.070
0.093
0.092
0.078
0.071
0.072
0.066
0.068
0.075
0.079
0.112
0.080
nan
0.068
0.073
0.072
0.073
0.081
0.089
0.109
0.092
0.094
0.075
0.078
nan
0.098
0.119
0.074
0.125
0.076
0.086
0.063
0.098
0.079
0.107
0.082
0.064
0.080
0.087
0.084
0.102
0.081
0.070
0.078
0.091
0.084
0.073
0.072
0.077
0.069
0.076
0.120
0.069
0.084
0.130
0.110
0.081
0.071
0.143
0.070
nan
0.072
0.088
0.066
0.060
0.049
0.071
0.068
0.075
0.085
0.051
0.057
0.100
0.068
0.069
0.102
0.120
nan
0.083
0.090
0.072
0.077
0.070
0.121
0.092
0.081
0.041
0.122
0.073
0.070
0.084
0.086
0.072
0.072
0.073
0.072
0.090
0.071
0.076
0.060
0.096
0.134
0.075
0.106
0.074
0.083
0.097
0.073
0.085
0.086
0.082
0.063
0.092
0.077
0.069
0.089
0.121
0.088
0.080
0.082
0.096
0.072
0.068
0.075
0.108
0.084
0.061
0.086
0.121
0.064
0.091
0.073
0.081
0.106
0.088
0.067
0.080
nan
nan
0.064
0.120
0.074
0.083
0.074
0.071
0.086
0.068
0.097
0.120
0.086
0.073
0.080
0.077
0.120
nan
0.074
0.120
0.060
0.069
0.091
0.069
0.078
0.074
0.078
0.106
0.068
0.089
0.063
0.065
0.078
0.075
0.075
0.065
0.080
0.067
0.122
0.100
0.088
0.092
0.125
0.086
0.067
0.074
0.073
0.067
0.071
0.072
0.110
0.085
0.065
0.084
0.070
0.112
nan
0.073
0.070
0.088
0.082
0.075
0.069
0.082
0.084
0.070
0.077
0.094
0.090
0.086
0.069
0.123
0.075
0.056
0.072
0.072
0.084
0.086
0.094
0.111
0.100
0.101
0.073
0.098
0.120
0.063
0.071
0.110
0.051
0.076
0.071
0.093
0.119
0.039
0.073
0.028
0.073
0.067
0.112
0.089
0.073
0.135
0.067
0.101
0.077
0.073
0.093
0.121
0.071
0.089
0.083
0.095
0.104
0.077
nan
0.123
nan
0.019
0.053
0.088
0.068
0.088
nan
0.108
0.110
0.120
0.078
0.067
0.067
0.071
nan
0.072
0.074
0.083
0.088
0.093
0.073
0.120
0.072
0.125
0.066
0.088
0.082
0.021
0.093
0.048
0.079
0.074
0.077
0.083
0.090
0.120
0.073
0.104
0.087
0.085
0.072
0.117
0.086
0.090
0.088
0.094
0.111
0.073
0.088
0.027
0.072
0.086
0.110
0.088
0.075
0.070
0.082
0.079
0.071
0.150
0.122
nan
0.135
0.056
0.066
0.028
0.087
0.122
0.096
0.116
0.125
0.092
0.089
0.118
0.040
0.097
0.080
0.073
0.088
0.071
0.102
0.087
0.123
0.047
0.102
0.142
0.057
0.109
0.077
0.101
0.109
0.071
nan
nan
0.104
0.092
0.070
0.111
0.088
0.067
0.074
0.088
0.060
0.110
0.104
nan
0.109
0.053
nan
0.031
0.074
0.087
0.074
0.086
0.089
0.095
0.080
0.110
0.111
0.107
0.111
nan
0.087
0.108
0.042
0.117
0.071
0.073
0.119
0.067
0.028
0.094
0.073
0.080
0.115
0.079
0.077
0.073
0.087
0.110
0.082
0.076
nan
0.111
0.127
0.120
0.092
0.089
0.116
nan
0.066
0.083
0.078
0.122
0.081
0.097
0.123
0.074
0.064
0.086
0.086
nan
0.097
nan
0.120
0.054
0.094
0.014
0.083
0.076
0.076
0.028
0.116
0.110
0.088
0.104
0.090
0.108
0.067
0.039
0.122
0.090
0.024
0.037
nan
0.117
0.110
0.048
0.113
0.109
0.080
0.101
0.092
0.075
0.113
0.111
0.035
0.120
0.119
0.095
0.038
0.088
0.087
0.059
0.041
0.110
0.082
0.039
0.041
0.141
0.100
0.114
0.110
0.022
0.083
0.110
0.112
nan
0.100
0.070
0.085
0.078
0.097
0.121
0.095
0.092
0.079
0.089
0.082
0.094
nan
nan
0.031
0.026
nan
0.040
0.087
nan
nan
0.090
0.108
0.083
0.063
0.110
nan
0.138
0.034
0.113
nan
0.101
nan
0.093
0.141
0.047
0.014
nan
0.062
0.016
0.117
nan
0.089
0.057
0.053
nan
0.042
0.034
0.010
0.042
0.016
nan
0.104
0.103
0.062
nan
nan
0.034
nan
0.123
0.058
0.079
0.032
0.037
0.037
0.039
0.057
0.020
0.048
0.051
0.068
nan
0.041
0.027
0.030
0.034
0.033
0.086
0.041
0.034
0.029
0.023
0.040
0.091
0.031
0.044
0.051
nan
0.042
0.023
0.064
0.029
0.046
0.022
nan
0.030
0.025
nan
