0.031
0.138
0.031
0.060
nan
0.023
nan
0.062
0.093
nan
0.055
0.045
0.060
0.017
0.058
0.079
0.080
0.055
0.004
0.046
0.042
nan
0.021
0.003
0.025
0.034
0.073
0.018
0.035
0.029
0.007
0.006
0.004
nan
0.006
0.118
0.069
0.166
0.038
0.039
0.003
0.050
0.042
nan
nan
nan
0.032
0.074
0.048
0.056
nan
0.031
0.031
0.065
nan
0.052
0.068
0.025
nan
nan
0.079
0.066
0.186
0.058
0.059
0.064
0.040
0.139
0.056
0.009
0.202
0.060
0.069
0.025
0.019
0.036
0.053
0.035
0.096
nan
0.028
0.066
0.186
0.037
0.113
0.056
0.119
0.040
0.021
nan
0.053
nan
0.022
0.070
0.007
0.006
0.046
0.102
0.041
0.052
0.066
0.045
0.073
0.096
0.037
0.023
0.028
0.056
0.134
0.065
0.002
0.035
0.054
nan
0.080
0.149
0.090
0.048
0.070
0.043
0.098
0.056
0.025
0.047
0.091
0.038
nan
0.005
nan
0.046
0.059
0.113
0.062
0.044
0.075
0.068
0.009
0.139
0.002
0.035
nan
0.067
0.086
0.043
0.065
0.043
0.030
0.204
0.129
0.057
0.035
0.003
0.064
nan
0.065
0.044
0.033
0.077
0.015
0.122
0.052
0.033
0.049
0.019
0.004
0.057
0.003
0.053
0.043
0.060
nan
nan
0.146
0.157
nan
0.169
0.088
0.083
0.025
0.082
0.095
0.162
0.040
0.023
0.023
0.007
nan
0.101
0.057
0.051
0.062
0.047
0.005
0.053
0.034
nan
0.045
0.073
0.057
0.008
0.087
0.027
0.023
0.091
0.015
0.072
0.082
0.010
0.024
0.146
0.084
0.178
0.037
0.113
0.113
0.102
0.015
0.031
0.035
0.053
0.199
0.054
nan
0.053
0.056
0.131
0.025
0.031
0.147
0.023
nan
0.150
0.154
0.091
nan
0.194
0.048
0.035
0.176
0.109
0.028
nan
0.070
0.061
0.071
0.029
0.057
0.100
0.112
0.152
0.103
0.063
0.157
0.030
0.105
0.057
0.050
0.031
0.018
0.110
0.078
0.110
0.037
0.068
0.077
0.007
nan
0.041
0.037
0.054
0.005
0.101
0.065
0.071
0.056
0.058
0.009
0.024
0.018
0.020
0.066
0.026
0.172
0.054
0.063
nan
0.067
0.032
0.069
0.124
0.035
0.003
0.157
0.048
0.093
0.004
0.062
0.064
0.033
nan
0.030
0.048
0.042
0.112
0.054
0.066
0.063
0.060
nan
0.015
0.060
0.136
0.009
0.027
0.046
0.046
0.047
0.062
0.038
0.014
0.063
nan
0.196
0.036
0.059
nan
0.124
0.069
0.060
0.060
0.051
0.052
0.011
0.033
0.069
0.053
0.055
0.052
0.010
0.021
0.077
0.041
0.074
0.029
0.047
0.043
0.013
0.083
0.003
nan
nan
0.035
0.038
0.066
0.040
0.085
nan
0.092
0.062
0.042
nan
0.067
0.087
nan
0.079
0.153
0.032
0.033
0.046
0.041
0.059
0.083
0.013
0.089
nan
0.082
0.026
0.027
0.066
0.027
0.071
0.114
0.042
0.096
0.007
0.009
0.072
0.041
0.042
0.023
0.003
0.056
nan
0.058
nan
0.029
0.102
0.025
0.040
0.042
0.092
nan
0.167
0.024
0.033
0.043
0.072
0.069
0.034
0.033
0.057
0.064
0.045
0.030
0.005
0.069
0.055
0.071
0.079
0.070
0.118
0.122
0.039
0.049
0.056
0.039
0.019
0.072
0.006
0.058
nan
0.013
0.036
0.039
nan
0.036
0.161
0.026
0.052
0.034
0.009
0.007
0.055
0.028
0.073
0.063
0.023
0.011
0.066
0.037
0.038
0.091
0.005
0.075
0.133
0.073
0.052
0.042
nan
0.077
0.033
0.022
0.051
0.045
0.012
0.055
0.126
0.054
0.061
0.008
0.032
nan
0.171
0.032
0.128
0.053
0.086
0.153
0.044
nan
0.098
0.073
0.023
0.019
0.023
0.054
0.041
0.061
0.006
0.069
0.074
0.059
0.053
0.007
0.039
0.060
0.025
0.022
0.179
0.042
0.116
0.104
0.027
0.015
0.066
0.061
0.045
0.075
0.019
0.014
0.090
0.043
0.009
0.049
nan
0.078
0.026
0.071
0.073
0.051
0.099
0.045
0.029
nan
0.042
0.061
0.005
0.053
0.015
0.072
0.030
0.034
0.084
0.048
nan
0.007
nan
0.034
nan
0.060
0.006
0.042
0.111
0.053
0.021
0.049
0.052
0.006
0.118
0.073
0.200
0.016
0.034
0.033
0.080
0.061
nan
0.024
0.026
0.013
0.113
0.078
0.075
nan
0.072
0.126
0.071
0.063
0.137
0.031
0.061
0.039
0.029
0.041
0.053
0.055
0.025
0.020
0.065
0.066
0.027
0.095
0.051
0.066
0.036
0.003
0.062
0.053
0.007
0.066
0.050
0.190
0.043
0.038
0.097
0.021
0.049
0.016
nan
0.124
0.064
0.151
0.117
0.063
0.007
0.049
0.102
0.026
0.048
0.062
0.056
0.099
0.045
0.051
0.047
0.006
0.006
0.132
0.106
0.085
0.072
0.002
nan
0.127
0.036
0.073
0.072
0.063
0.023
0.036
0.092
0.091
0.045
0.063
0.007
0.040
0.061
0.059
0.045
0.011
0.062
0.072
0.020
0.016
nan
0.044
0.113
0.061
0.162
0.208
0.064
nan
0.192
0.082
0.050
0.071
0.150
0.061
0.067
0.007
nan
0.048
0.028
0.021
0.097
0.002
0.006
0.054
0.046
0.055
0.063
0.059
0.055
0.020
0.064
0.101
0.011
0.039
0.049
0.007
0.116
0.071
0.067
0.054
0.070
0.020
0.046
0.004
nan
0.025
0.046
0.008
0.047
0.022
0.093
0.010
0.055
0.154
0.004
0.058
0.075
0.060
0.034
0.082
0.004
0.095
0.099
0.099
0.086
0.065
0.046
0.012
0.037
0.019
0.028
nan
0.089
0.086
0.027
0.061
0.015
0.056
0.006
0.039
0.071
0.024
0.053
0.013
0.036
0.069
0.042
0.021
0.114
0.036
0.059
0.006
0.034
0.018
nan
0.011
0.025
nan
0.189
0.104
0.191
0.112
0.055
0.003
0.076
0.070
0.073
0.011
0.020
0.048
0.072
0.064
0.100
0.011
nan
0.074
0.039
0.060
0.041
0.056
0.102
0.068
0.072
0.176
0.006
0.155
0.005
0.035
0.074
0.070
0.006
nan
0.047
0.089
0.097
0.052
0.046
0.038
0.005
0.049
0.037
0.054
0.148
0.169
0.023
0.008
nan
0.046
nan
0.080
0.090
0.068
0.020
0.018
0.072
0.026
0.054
0.043
0.089
0.047
0.066
0.038
0.035
0.071
0.063
0.007
0.057
0.045
0.003
0.047
0.055
0.055
0.072
0.059
0.045
0.042
0.074
0.059
0.005
0.069
nan
0.090
0.069
0.062
0.048
0.205
0.072
0.049
0.015
0.051
0.003
0.049
0.055
0.071
nan
0.096
0.077
0.063
0.056
0.038
0.016
0.008
0.005
0.012
0.038
0.050
0.004
nan
0.064
0.079
0.088
0.141
0.003
0.004
0.143
0.031
0.045
0.072
0.100
0.021
0.045
0.151
0.034
0.049
0.026
0.007
0.059
0.036
0.053
0.170
0.034
0.044
0.006
0.046
0.123
0.052
0.056
0.061
0.030
0.044
0.034
0.003
0.095
0.084
0.066
0.007
0.052
0.059
0.058
0.071
0.026
nan
0.024
0.017
0.082
0.033
0.071
0.062
nan
0.067
nan
0.051
0.023
0.036
0.119
0.007
0.017
0.029
0.064
0.035
0.007
0.119
0.056
0.010
0.059
0.062
0.184
nan
0.019
0.073
nan
0.101
0.027
0.072
nan
0.014
0.005
0.056
0.055
nan
nan
0.060
0.054
0.075
0.106
0.057
0.107
0.016
0.063
0.097
0.094
0.143
0.061
0.065
0.120
0.016
0.046
0.071
0.110
0.051
0.080
0.032
0.054
0.022
0.049
0.035
0.052
0.042
0.025
0.090
0.053
0.037
0.100
0.055
0.099
0.002
0.049
0.028
0.106
0.048
0.060
0.197
0.024
0.073
0.086
0.063
0.037
0.021
0.074
0.031
0.059
0.201
nan
0.057
0.038
0.063
nan
0.048
0.036
nan
0.068
0.049
0.069
0.004
0.068
0.055
0.041
0.073
0.024
0.053
0.057
0.079
0.080
0.026
0.017
0.054
0.012
0.005
0.080
nan
0.015
0.063
0.057
0.071
0.080
0.006
0.051
0.200
0.056
0.047
0.090
0.035
0.062
0.002
0.058
0.069
0.074
0.049
nan
0.047
0.080
0.027
0.101
0.005
0.070
0.087
0.099
0.049
0.067
0.022
0.176
nan
0.034
0.007
0.057
0.062
0.097
0.058
0.039
nan
0.038
0.064
0.028
0.048
0.013
0.015
0.004
0.014
0.046
0.019
0.095
0.041
0.078
0.056
0.046
nan
0.063
0.057
0.084
0.092
0.059
0.049
0.077
0.064
0.048
0.063
0.059
0.063
0.055
0.060
nan
0.057
0.103
nan
0.058
0.060
nan
0.043
0.043
0.010
0.055
0.056
0.048
0.073
0.022
0.005
nan
0.073
0.068
0.022
0.063
0.010
0.057
0.055
0.006
0.078
0.108
0.025
0.052
nan
0.052
0.039
0.029
nan
0.099
0.008
0.069
nan
0.050
0.027
0.040
0.005
0.041
0.007
0.049
0.083
nan
0.037
0.026
0.057
nan
0.092
0.013
0.061
0.020
0.058
0.050
0.050
0.022
0.090
0.088
0.069
0.062
0.044
0.076
0.095
0.047
0.082
0.014
0.045
0.049
0.138
0.005
0.085
0.019
0.054
0.034
0.065
0.097
0.026
0.066
0.006
0.102
0.066
0.103
0.069
0.007
0.034
0.067
0.054
0.067
0.048
0.005
0.039
0.029
0.020
0.062
0.045
0.101
0.058
0.003
0.033
0.053
nan
0.081
0.034
0.117
0.066
0.059
0.048
0.120
0.056
0.005
0.030
0.061
0.058
0.052
0.136
0.030
0.007
0.067
nan
0.048
0.061
0.033
0.063
0.053
0.056
0.078
0.058
0.024
0.016
0.075
0.058
0.041
0.015
0.004
nan
0.042
0.013
0.007
0.085
0.046
0.016
0.072
0.004
0.034
0.035
0.049
0.082
0.057
0.051
0.099
0.051
0.109
0.026
0.097
0.038
nan
0.077
0.047
0.003
0.022
0.065
0.169
0.064
0.179
0.016
0.066
0.091
0.134
0.032
0.107
0.022
0.038
0.076
0.056
0.030
0.006
nan
0.050
nan
0.081
0.069
0.066
0.061
0.035
0.075
0.052
0.046
0.070
0.019
0.064
0.074
0.044
0.025
0.069
0.101
0.055
0.053
0.052
0.108
0.122
0.004
0.032
0.036
0.066
0.053
0.065
0.142
0.031
0.046
0.043
0.053
0.201
0.050
nan
0.013
0.019
0.047
0.040
0.040
0.055
0.108
0.069
0.052
0.020
0.050
0.021
0.112
0.013
0.051
0.037
0.051
nan
0.083
0.134
nan
0.104
0.129
0.027
0.054
0.039
0.109
0.053
0.022
0.005
nan
0.063
0.029
nan
0.032
0.052
0.203
nan
0.075
0.042
0.030
0.048
0.045
0.007
0.033
0.056
0.047
nan
0.064
0.104
0.041
0.047
0.050
0.025
0.006
nan
0.018
0.018
0.055
0.053
0.095
nan
0.018
0.010
0.057
0.031
0.072
0.005
0.005
0.053
0.019
0.202
0.055
0.023
0.002
0.071
0.053
0.088
0.026
0.038
0.108
0.054
0.071
0.076
0.014
0.019
0.070
0.098
0.046
0.060
0.036
0.125
0.069
0.083
0.056
0.152
0.035
0.007
0.028
0.010
0.055
0.006
0.026
0.051
0.033
0.061
0.204
0.033
0.050
0.073
0.109
0.051
0.057
0.064
0.049
0.063
0.028
0.034
nan
0.058
0.027
0.020
0.072
nan
0.064
0.057
0.025
0.107
0.009
0.039
0.132
0.004
0.022
0.066
0.084
0.016
0.053
0.044
0.130
nan
0.088
0.064
nan
0.025
0.048
0.067
0.042
0.034
0.019
0.063
0.041
0.048
0.061
0.034
0.058
0.038
0.007
0.116
0.032
0.007
0.077
0.109
0.061
0.065
0.055
0.041
0.073
0.036
0.081
0.073
0.038
0.071
nan
nan
0.008
nan
0.069
0.069
0.018
0.053
0.093
0.051
0.035
0.047
0.059
0.066
0.074
0.071
0.175
0.066
0.044
0.069
0.018
0.057
nan
0.019
0.080
0.011
0.022
0.075
0.197
0.027
0.068
0.055
0.028
0.077
0.030
nan
0.057
0.034
0.059
0.074
0.007
0.087
0.042
0.029
0.007
0.010
0.063
0.076
0.056
0.033
0.027
0.036
0.058
0.035
nan
0.047
0.037
0.072
0.037
0.007
0.050
0.028
0.034
0.049
0.064
0.014
0.174
0.022
0.062
0.038
0.021
0.029
0.026
0.057
0.057
0.066
0.117
0.080
0.032
0.077
0.082
0.081
0.067
0.089
0.151
0.050
0.051
0.075
0.087
0.091
0.005
0.063
nan
0.089
0.024
0.043
0.067
0.020
0.042
nan
0.028
nan
0.056
0.068
0.059
0.027
0.055
0.117
0.060
0.008
0.065
0.013
nan
0.055
0.129
0.053
0.027
0.006
0.042
0.063
0.027
0.023
0.097
0.060
0.052
0.052
0.037
0.068
0.108
0.059
0.032
0.053
0.039
0.098
0.057
0.035
0.114
0.011
nan
0.045
0.043
0.060
0.030
nan
0.042
0.027
0.056
0.051
0.063
0.069
0.002
0.055
0.021
0.006
0.051
0.053
0.052
0.037
0.011
0.030
0.004
0.040
0.071
nan
0.031
0.060
0.144
0.071
nan
nan
0.062
0.049
0.058
0.057
0.029
0.010
0.099
0.037
0.093
0.026
0.039
0.051
0.078
0.056
nan
0.065
0.064
0.093
0.072
0.055
0.043
0.057
0.061
0.037
0.029
0.148
0.023
nan
0.056
0.056
0.069
0.109
0.028
0.048
0.066
nan
0.022
0.073
0.079
0.069
0.114
0.040
0.053
0.058
0.017
0.052
0.064
0.122
0.007
0.058
0.065
0.060
0.057
0.040
0.062
0.027
0.038
0.042
0.033
0.034
0.198
0.055
0.115
0.032
0.086
0.063
0.017
0.047
0.056
0.069
0.104
0.048
nan
0.025
0.050
nan
0.153
0.066
0.083
0.013
0.075
0.051
0.046
0.075
0.074
0.052
nan
0.027
0.066
0.058
0.080
0.083
0.047
0.074
0.115
0.060
0.053
0.077
0.046
0.010
0.045
0.054
0.011
0.021
0.008
0.042
0.004
0.099
0.066
0.034
0.025
0.050
0.025
0.044
0.107
0.035
0.055
0.034
0.046
0.058
0.026
0.027
0.074
0.058
0.009
nan
0.063
0.006
0.005
0.099
0.038
0.073
0.056
0.078
0.023
0.056
0.025
0.067
0.020
0.017
0.127
0.017
0.004
0.088
0.046
0.077
0.147
0.052
0.031
0.006
0.016
0.042
0.054
0.036
0.043
0.035
0.011
0.059
0.044
0.033
0.105
0.070
0.067
0.119
0.084
0.077
0.105
0.047
0.006
0.067
0.077
0.099
0.050
0.015
0.039
0.098
0.087
0.057
0.060
0.032
0.041
0.096
0.042
0.145
0.045
0.085
0.024
0.028
0.005
0.012
0.052
0.028
0.020
0.006
0.005
0.029
0.026
0.064
0.016
0.017
0.045
0.101
0.048
nan
0.080
0.072
0.039
0.037
0.027
0.121
nan
0.066
0.021
0.007
0.042
nan
0.104
0.059
nan
0.018
0.017
0.054
0.187
nan
0.034
0.049
0.036
0.036
0.054
0.068
0.069
0.049
0.025
0.066
0.051
0.055
0.045
0.004
nan
0.047
0.042
0.085
0.043
nan
0.041
0.025
0.030
0.060
0.055
0.076
0.052
nan
0.010
0.036
0.058
0.084
0.061
0.056
0.024
0.100
0.047
0.105
0.031
0.104
0.045
0.194
0.058
0.075
0.005
0.039
0.004
0.091
0.064
0.114
0.087
0.048
0.057
0.123
0.026
0.142
0.090
0.064
0.065
0.111
0.032
0.007
0.033
0.059
0.029
0.058
0.007
0.058
0.067
0.059
0.061
0.013
0.070
0.078
0.045
0.051
0.006
0.007
0.005
0.071
0.080
0.095
0.061
0.036
0.090
0.060
0.125
0.003
0.025
0.054
0.033
0.064
0.075
0.128
0.090
0.072
0.009
0.075
0.095
0.066
0.059
0.029
0.064
0.068
0.022
0.117
0.056
0.062
0.097
0.075
0.025
0.010
0.020
0.025
0.037
0.028
0.030
0.059
0.105
nan
0.031
0.041
nan
0.057
0.036
0.061
0.063
0.094
0.064
0.034
0.066
0.022
0.045
0.075
0.017
0.042
0.078
0.008
0.069
nan
0.025
0.074
0.052
0.046
0.023
0.111
0.120
0.098
0.028
0.059
0.007
0.093
nan
0.075
0.032
0.032
0.135
0.070
0.045
nan
0.045
0.023
0.106
0.070
0.210
0.004
0.047
0.052
0.065
0.054
0.053
0.033
0.014
0.008
0.207
0.045
0.043
0.062
0.088
0.029
0.033
0.069
0.022
0.038
0.040
0.021
0.079
0.056
nan
0.004
0.043
0.066
0.053
0.033
0.047
0.125
0.052
nan
0.002
0.072
nan
0.021
0.060
0.032
0.036
0.041
0.135
0.139
0.026
0.132
0.024
0.023
0.152
0.031
0.114
0.028
0.064
0.037
0.049
nan
0.058
0.120
0.024
0.015
0.020
0.206
0.073
nan
0.070
0.037
nan
0.081
0.100
0.121
0.133
0.013
0.042
0.069
0.058
0.063
0.020
0.078
0.029
0.071
0.120
0.053
0.011
0.027
0.038
0.059
0.028
0.054
0.072
0.052
0.016
0.077
0.070
0.060
0.030
0.044
0.039
0.032
0.015
0.058
0.024
0.088
0.042
0.004
0.070
0.051
0.080
0.051
0.070
nan
0.049
0.065
0.053
0.077
0.035
0.062
0.056
0.133
0.052
nan
nan
0.044
0.102
0.071
0.094
0.066
0.023
0.039
0.054
0.082
0.056
0.026
0.058
0.150
0.024
0.004
0.009
0.135
0.017
0.056
nan
0.050
0.073
0.205
0.008
0.065
0.068
0.054
0.085
0.049
0.079
0.064
0.080
nan
0.089
0.118
0.040
0.006
0.043
0.111
0.029
0.059
0.053
0.046
0.062
0.028
0.050
0.071
0.018
0.068
0.029
0.051
0.062
0.035
0.005
0.078
0.083
0.036
0.052
0.111
0.076
0.064
0.074
0.050
0.037
0.026
0.029
0.060
0.038
0.096
0.055
0.055
0.052
0.053
0.027
0.075
0.031
0.208
0.050
0.063
0.032
0.072
0.052
0.024
0.056
0.036
0.068
0.036
0.037
0.046
0.088
0.071
0.096
0.048
0.056
0.060
0.073
0.063
0.023
0.040
0.086
0.079
0.062
0.042
nan
0.054
0.024
0.051
0.019
0.008
0.012
0.088
0.013
0.098
0.059
0.091
0.039
0.029
0.037
0.039
0.024
0.036
0.008
0.006
0.055
0.059
0.071
0.010
0.023
0.050
nan
0.014
0.030
0.051
0.077
0.044
0.054
0.210
0.055
0.045
0.008
0.025
0.048
0.064
0.063
0.072
0.053
0.077
0.082
0.069
0.042
0.019
0.050
0.050
0.068
0.082
0.077
0.075
0.208
0.033
0.065
0.044
0.065
0.053
0.034
0.078
0.059
0.059
0.075
0.021
nan
0.104
0.045
0.098
0.052
0.020
0.073
0.064
0.073
0.058
0.010
0.054
0.132
0.015
0.050
0.036
nan
0.042
0.053
0.071
0.066
0.033
0.053
0.031
0.007
0.051
0.045
0.037
0.057
nan
0.013
0.070
0.058
0.034
0.039
0.012
nan
0.014
0.043
0.079
0.097
0.098
0.096
0.008
0.074
0.058
nan
0.008
0.042
0.055
0.038
0.022
0.057
0.030
0.050
0.067
0.092
0.057
0.003
0.044
0.056
0.068
0.028
0.067
0.114
nan
0.050
0.035
0.051
0.053
0.026
nan
0.092
0.066
0.057
0.038
0.059
0.053
0.088
0.053
0.057
0.018
0.069
0.055
0.039
0.046
0.045
nan
0.010
0.020
0.065
0.072
0.058
0.003
0.049
0.048
0.122
0.059
0.044
0.025
nan
0.037
0.122
0.020
0.095
0.038
0.019
0.039
0.021
0.025
0.060
nan
0.025
0.048
0.107
0.061
0.041
0.010
0.105
0.070
0.059
0.132
0.125
0.020
0.065
0.024
0.074
0.013
0.042
0.071
0.031
0.011
0.011
0.011
0.008
0.072
0.065
0.003
0.020
0.052
0.024
0.123
0.033
0.033
0.047
0.032
0.043
0.059
0.060
0.044
nan
0.064
0.058
0.027
0.050
0.004
0.058
0.006
0.051
0.057
0.071
0.116
0.032
0.066
0.024
0.069
0.043
0.023
0.038
0.094
0.032
0.011
0.035
0.006
0.069
0.056
0.011
0.006
0.114
0.017
0.048
0.054
0.065
0.023
0.034
0.073
0.041
0.017
0.051
0.029
0.043
0.043
0.036
0.076
0.064
0.063
0.046
0.025
nan
0.057
0.055
0.040
0.033
0.054
0.059
0.023
0.029
0.184
0.098
0.034
0.037
0.085
0.041
0.023
0.051
0.201
0.069
0.050
0.039
0.038
0.152
0.066
0.060
0.021
0.018
0.012
0.032
0.075
0.040
0.066
0.056
0.054
0.056
0.049
0.037
0.043
0.116
0.063
0.088
0.012
0.031
0.030
0.032
0.063
0.086
0.094
0.009
0.041
0.069
0.041
0.035
0.022
0.059
0.046
0.006
0.058
0.076
0.051
0.029
0.055
0.090
0.087
0.026
0.083
0.052
0.035
0.100
nan
0.092
0.017
0.008
0.040
0.035
0.106
0.037
0.033
0.070
0.008
0.066
0.054
0.006
0.051
0.033
0.026
nan
0.029
0.078
0.134
0.022
0.150
0.065
0.033
0.015
0.056
0.033
0.046
0.024
0.141
nan
0.014
nan
0.066
0.008
0.080
0.030
0.006
0.127
0.019
nan
0.056
0.066
0.071
0.028
0.038
0.089
0.045
0.048
0.050
0.039
0.067
0.030
0.032
0.038
0.010
0.047
0.032
0.049
0.050
0.044
0.040
0.051
0.034
0.046
0.050
0.053
0.041
0.064
0.034
0.066
0.029
nan
0.045
0.045
0.053
0.053
0.066
0.032
0.054
0.053
0.176
0.040
0.025
0.052
nan
0.059
0.051
0.048
0.024
0.099
0.008
0.017
0.129
0.020
0.103
0.027
0.037
0.009
0.098
0.056
0.051
0.039
nan
0.048
0.075
0.028
0.040
0.039
0.041
0.011
0.048
nan
0.015
0.036
0.076
0.124
0.046
0.043
0.025
0.022
nan
0.015
0.035
0.060
0.061
0.045
0.071
0.072
0.025
0.059
0.072
0.028
0.055
0.160
0.065
0.042
0.007
0.050
0.080
0.025
0.040
0.077
0.065
0.010
0.057
0.050
0.061
nan
0.037
0.025
0.026
0.096
0.032
0.024
0.073
0.061
0.087
0.070
0.068
0.018
0.014
0.011
0.201
0.023
0.081
0.036
0.075
0.051
0.063
0.062
0.037
0.030
0.017
0.040
0.045
0.071
0.006
0.035
0.065
0.034
0.037
0.047
nan
nan
0.036
0.063
0.059
0.048
0.083
0.077
0.037
0.006
0.082
0.055
0.042
0.054
0.100
0.042
0.053
0.068
0.147
0.014
0.040
0.034
0.028
0.013
0.051
0.042
0.051
nan
0.036
0.051
0.053
0.079
0.171
0.038
0.042
0.073
0.044
0.041
0.059
0.191
0.061
0.012
0.006
0.073
0.022
0.063
0.034
0.043
0.043
0.038
0.088
0.060
0.060
0.189
0.037
0.046
0.073
0.004
0.059
0.026
0.082
0.069
0.047
0.027
0.075
0.047
0.037
0.067
0.118
0.033
0.043
0.044
0.122
0.035
0.052
0.073
0.034
0.044
0.091
0.006
0.032
0.060
0.033
0.030
0.023
0.070
0.035
0.033
0.039
0.095
0.022
0.034
0.044
0.090
0.047
nan
0.024
0.062
0.025
0.015
0.146
0.026
0.048
0.028
0.053
0.057
nan
0.037
0.092
0.167
0.040
0.104
0.044
0.086
0.039
0.101
nan
0.043
0.019
0.038
0.034
0.048
0.067
0.007
0.067
0.022
nan
0.050
0.038
0.045
0.067
0.080
0.039
0.043
0.051
0.049
0.034
0.036
0.043
0.066
0.033
0.081
0.151
0.070
0.006
0.022
0.039
0.045
0.059
0.066
0.064
0.029
0.055
0.044
0.007
0.006
0.056
0.048
0.072
0.056
0.059
nan
0.061
0.036
0.129
0.015
0.024
0.005
0.038
0.037
0.049
0.059
0.020
0.030
0.049
0.054
0.054
0.026
0.069
0.072
0.040
0.109
0.048
0.069
0.076
0.040
nan
0.054
0.005
0.064
0.184
0.070
0.009
0.082
0.014
0.018
0.031
0.060
0.059
0.006
0.052
0.093
0.055
0.036
0.081
0.068
0.030
0.108
0.045
0.021
0.029
0.054
0.065
0.056
0.098
0.034
0.061
0.039
0.040
0.050
0.047
0.060
0.051
0.026
0.048
0.168
0.035
0.073
0.045
0.069
0.013
0.016
0.019
0.030
0.079
0.099
0.028
0.023
0.117
0.050
0.067
0.071
0.039
0.005
0.026
0.045
0.069
0.012
0.030
0.038
nan
0.032
0.034
0.052
0.045
0.033
0.054
0.008
0.007
0.074
0.023
0.037
0.109
0.092
0.050
0.044
0.078
0.060
0.098
0.148
0.033
0.101
0.056
0.044
0.083
0.085
0.047
0.029
0.072
0.057
0.129
0.077
0.017
0.061
0.019
0.130
0.066
0.063
0.017
0.140
0.068
nan
0.052
0.046
0.086
0.030
0.037
0.062
0.041
0.076
0.084
0.055
0.061
0.029
0.018
0.026
0.038
0.029
0.029
0.021
0.060
0.018
0.040
0.098
nan
0.016
0.076
0.058
0.070
0.092
0.025
0.023
0.041
0.093
0.038
0.053
0.211
0.026
0.023
0.067
0.069
0.029
0.069
0.078
0.084
0.111
0.042
0.121
0.034
0.034
0.081
0.025
0.062
0.054
0.079
0.033
0.086
0.207
0.051
0.005
0.024
0.078
0.038
0.025
0.073
0.056
0.070
nan
0.058
0.036
0.046
0.044
0.048
0.052
0.035
0.032
0.065
0.040
0.040
0.073
0.066
0.034
0.006
0.082
0.047
0.065
0.054
0.037
0.030
0.017
0.054
0.015
0.058
0.070
0.032
0.108
0.044
nan
0.045
0.205
0.063
0.060
0.028
0.029
0.024
0.038
0.057
0.064
0.038
0.059
0.034
0.019
0.039
0.042
0.040
0.052
0.042
nan
0.041
0.052
0.065
0.023
0.051
0.043
0.077
0.027
0.075
0.043
0.070
0.071
0.062
0.072
0.073
0.018
0.038
0.056
0.008
0.033
0.069
0.055
nan
0.010
0.072
0.167
0.067
nan
0.042
0.022
0.051
0.086
0.042
0.071
0.207
0.067
0.028
0.083
0.077
0.013
0.040
0.179
nan
0.023
0.106
0.039
0.031
0.012
0.030
0.044
0.063
0.042
0.045
0.058
0.034
0.063
0.060
0.073
0.022
0.062
0.091
0.008
0.071
0.025
0.070
0.049
0.074
0.047
0.050
0.068
0.054
0.039
0.024
0.093
0.104
0.113
0.027
0.101
0.039
0.076
0.038
0.037
0.082
nan
0.030
0.019
0.048
0.086
0.047
0.040
nan
0.071
0.017
0.049
0.072
0.115
0.047
0.065
0.037
0.085
0.056
0.072
0.035
0.008
0.035
0.029
0.033
0.007
0.044
0.042
0.033
0.088
0.031
0.064
0.078
0.057
0.029
0.038
0.032
nan
0.056
0.044
0.057
0.119
0.039
0.024
0.032
0.050
0.054
0.005
0.048
0.053
0.063
0.043
0.095
0.028
0.072
0.073
0.026
0.027
0.083
0.051
nan
0.020
0.049
0.065
0.066
0.064
nan
0.061
0.039
0.038
0.039
0.007
0.049
0.068
0.064
0.101
0.036
0.049
0.051
0.046
0.047
0.027
0.057
0.022
0.041
0.008
0.043
0.068
0.025
0.045
0.035
0.039
0.047
0.061
0.163
0.033
0.051
0.011
nan
0.040
0.038
0.024
0.035
0.021
0.032
0.038
0.038
0.070
0.042
0.031
0.049
0.029
0.047
0.063
0.051
0.037
0.031
nan
0.039
0.039
0.027
0.011
0.037
0.049
0.059
0.035
0.028
0.057
nan
0.157
0.044
0.055
0.024
0.080
0.049
nan
0.045
0.012
0.022
0.027
0.053
0.016
0.025
0.073
0.031
0.041
0.030
0.040
0.112
0.061
nan
0.011
0.040
0.063
0.005
0.066
0.046
0.057
nan
0.017
0.040
0.101
0.067
0.105
0.042
0.078
0.054
0.073
0.044
0.048
0.052
0.083
0.029
0.052
0.038
0.103
0.062
0.037
0.011
0.044
0.047
0.058
0.066
0.097
0.054
0.044
0.076
0.054
0.035
0.014
0.016
0.031
0.036
0.039
0.042
0.091
nan
0.019
0.036
nan
0.059
0.027
0.030
0.079
0.049
0.046
0.073
0.031
0.074
0.039
0.079
0.077
0.133
0.041
0.043
0.074
0.113
0.047
0.035
0.056
0.034
0.056
0.033
0.052
0.051
0.066
0.034
0.051
0.037
0.048
0.027
0.070
0.073
0.046
0.063
0.076
0.097
0.068
0.051
0.037
0.080
0.040
nan
nan
0.030
0.055
0.040
0.051
0.041
0.036
0.042
0.043
0.127
0.078
0.039
0.031
0.062
0.027
0.037
0.049
0.028
0.056
0.059
0.080
0.047
0.022
0.027
0.031
0.097
0.070
0.104
0.069
0.027
nan
0.023
0.040
0.047
nan
0.062
0.052
0.051
0.037
0.066
0.026
0.026
0.024
0.039
0.047
0.074
0.030
0.025
0.055
nan
0.024
0.033
0.036
0.037
0.062
0.065
0.038
nan
0.040
0.074
0.039
0.187
0.059
0.041
0.078
0.054
0.082
0.050
0.049
0.031
0.073
0.045
0.047
0.035
0.070
0.050
0.050
0.045
0.032
0.052
0.049
0.047
nan
0.029
0.059
0.035
0.063
0.045
0.045
0.065
0.077
0.029
0.017
0.029
0.067
0.059
0.047
0.048
0.038
0.074
0.197
0.052
0.024
0.028
0.061
0.008
0.057
0.039
0.045
0.031
0.133
0.012
0.142
0.039
0.044
0.090
0.043
0.038
nan
0.033
0.025
0.053
0.102
0.029
0.042
0.042
0.049
0.103
0.042
0.034
0.039
nan
0.024
0.056
0.126
0.066
0.018
0.063
0.054
0.059
0.026
0.052
0.065
0.039
0.031
0.028
0.028
0.085
0.023
0.029
0.059
0.044
0.042
0.036
0.029
0.045
0.036
0.044
0.208
0.069
0.053
0.024
nan
0.029
0.063
0.038
0.048
0.050
0.059
0.065
0.152
0.019
nan
0.092
0.066
0.049
0.027
0.070
0.062
0.037
0.045
0.066
0.046
0.062
0.040
0.063
0.025
nan
0.022
0.038
0.066
0.025
0.040
0.173
0.046
0.086
0.043
0.037
0.041
0.042
0.031
0.064
0.039
0.070
0.039
nan
0.065
0.064
0.038
0.026
0.036
0.024
0.005
0.063
0.051
0.038
0.046
0.052
0.056
0.099
nan
0.048
0.065
0.030
0.202
0.007
0.079
0.026
0.092
0.055
0.031
0.086
0.053
0.045
0.068
0.066
0.040
0.006
0.048
0.048
0.035
0.057
nan
0.039
0.042
0.033
0.036
0.042
0.013
0.049
0.018
0.060
nan
0.038
0.054
0.107
0.113
0.037
0.036
0.101
0.006
0.040
0.040
0.050
0.042
0.045
0.035
0.045
0.055
0.063
0.031
0.072
0.108
0.032
0.049
0.060
0.030
0.032
0.032
0.045
nan
0.016
0.058
nan
0.042
0.046
0.020
0.040
0.073
0.038
0.056
0.030
0.057
0.039
0.044
0.032
0.030
0.067
0.065
0.012
nan
0.041
nan
nan
0.022
0.044
0.018
0.038
0.062
0.008
0.038
0.038
0.084
0.024
0.086
0.066
0.033
0.074
0.026
0.027
0.076
0.026
0.068
0.090
0.034
0.117
0.055
0.046
0.043
nan
0.033
0.043
0.029
0.061
nan
0.034
0.096
0.066
0.041
nan
0.047
0.005
0.057
0.042
0.034
0.038
0.030
0.045
0.039
0.039
0.048
0.039
0.008
0.059
nan
0.035
0.003
0.070
0.037
0.043
0.069
0.038
0.054
0.071
0.103
0.033
0.046
0.051
0.065
0.022
0.067
0.035
0.070
0.064
0.021
0.082
0.046
0.074
0.043
0.028
0.005
0.074
0.041
nan
0.041
0.032
0.017
0.048
0.057
0.038
0.060
0.076
0.066
0.045
0.041
0.057
0.039
0.052
0.077
0.069
0.056
0.026
0.038
0.037
0.058
0.086
0.036
0.041
0.031
0.098
0.046
0.062
0.041
0.043
0.034
0.041
0.062
nan
0.033
0.042
0.021
0.028
0.032
0.013
0.046
0.038
0.025
0.037
0.072
0.052
0.021
0.042
0.040
nan
0.040
0.041
0.027
0.032
0.138
0.009
0.046
0.054
0.045
0.048
0.066
0.042
0.037
0.038
0.040
0.004
0.040
0.048
0.046
0.050
0.037
0.005
0.051
0.091
0.039
0.026
0.180
0.038
0.029
0.064
0.043
nan
0.028
0.050
0.006
0.038
nan
0.055
0.049
0.044
0.042
0.091
0.042
0.024
0.042
0.052
0.081
0.037
0.017
0.082
0.059
0.029
0.058
0.053
0.076
0.038
0.047
0.032
nan
0.025
0.101
0.067
0.020
0.046
0.038
0.031
0.054
0.034
0.061
0.012
0.057
0.035
0.009
0.023
0.049
0.030
0.062
0.045
0.046
0.037
0.074
0.047
0.037
0.043
0.028
0.043
0.070
0.060
0.058
0.026
0.111
nan
0.042
0.063
0.041
nan
0.064
0.040
0.064
0.041
0.022
0.061
0.032
0.037
0.031
0.039
0.038
0.023
0.039
0.028
0.048
0.024
0.061
0.042
0.029
0.109
0.048
0.044
0.062
0.067
0.072
0.055
0.050
0.040
0.034
0.016
0.009
0.058
0.065
0.058
0.058
0.070
0.040
0.027
0.077
0.080
0.027
0.038
0.063
0.035
0.027
0.026
0.057
0.043
0.058
0.036
0.078
0.048
0.014
0.089
0.053
nan
0.055
nan
0.007
0.054
0.046
nan
0.035
0.064
0.042
0.055
0.028
0.057
0.117
0.023
0.022
0.041
0.035
0.014
0.027
0.045
0.035
0.007
0.069
0.042
0.039
0.044
0.040
0.040
0.042
0.093
0.039
0.078
nan
0.137
0.046
0.050
0.041
0.045
0.049
0.034
0.045
nan
0.040
0.050
0.045
0.062
0.066
0.067
0.037
0.073
0.202
0.026
0.069
0.033
0.078
0.049
0.044
0.035
0.071
0.066
0.012
0.068
0.045
0.070
0.041
0.057
0.046
0.043
0.026
0.041
0.055
0.054
0.030
0.065
0.054
0.015
0.034
0.074
0.036
0.039
0.085
0.090
0.072
0.058
0.042
0.033
0.056
0.093
0.077
0.082
0.037
0.015
0.054
0.034
0.044
0.029
0.040
0.063
nan
0.097
0.039
0.067
0.080
0.042
0.038
0.067
0.027
0.043
0.055
0.077
0.057
0.080
0.039
0.034
0.042
0.040
0.042
0.051
0.046
nan
0.035
0.004
0.034
0.047
0.075
0.064
0.056
0.039
0.039
0.097
0.065
0.043
0.044
nan
0.042
0.032
0.078
0.036
0.042
0.048
0.045
nan
0.078
0.041
0.085
0.077
0.010
nan
0.040
0.024
0.027
0.078
0.074
nan
0.054
0.048
0.005
0.081
0.058
0.046
0.027
0.037
0.046
0.052
0.064
0.017
0.039
0.082
0.070
0.034
0.065
0.060
0.040
0.156
0.054
0.049
0.037
0.049
0.026
0.049
0.039
0.024
0.025
0.063
0.056
0.077
nan
0.080
0.026
0.039
0.022
0.075
0.035
0.077
0.054
0.046
0.037
0.038
0.063
0.065
0.047
0.023
0.003
0.043
0.036
0.007
0.084
0.046
0.054
0.061
0.049
0.038
0.069
0.079
0.043
0.040
0.036
0.012
0.048
0.055
0.029
0.061
0.026
0.100
0.067
0.022
0.038
0.060
0.120
0.061
0.019
0.058
0.064
nan
0.076
0.044
0.065
0.014
0.054
0.063
0.057
0.057
0.022
0.051
0.056
0.147
0.058
0.039
0.045
0.048
0.078
0.031
0.056
0.061
0.095
0.045
0.074
0.048
0.041
0.058
0.065
0.040
0.047
0.029
0.025
0.064
0.050
0.021
nan
0.082
0.051
0.104
0.040
0.046
0.053
0.041
0.071
0.105
0.053
0.037
0.035
0.023
0.027
0.055
0.022
0.065
0.074
0.044
0.037
0.045
0.043
0.029
0.064
0.043
0.042
0.039
0.064
0.017
0.024
0.038
0.024
0.071
0.052
0.055
0.054
0.068
0.084
0.097
0.026
0.079
0.068
0.029
0.047
0.034
0.044
0.044
0.028
0.024
nan
0.055
0.054
0.047
0.027
0.038
0.096
0.032
0.052
0.039
0.045
0.091
0.055
0.103
0.058
0.093
0.065
0.021
0.060
0.017
0.038
0.054
0.062
0.044
0.081
0.064
nan
0.039
0.042
0.171
0.069
0.079
0.058
nan
0.063
0.014
0.039
0.059
0.045
0.067
0.067
0.042
0.062
0.087
0.051
0.051
0.019
0.039
0.066
0.055
0.027
0.042
0.045
0.042
0.048
0.005
0.039
0.065
0.048
0.026
0.040
nan
0.032
0.042
0.053
0.037
0.092
0.057
0.027
0.019
nan
0.036
0.040
0.101
0.047
0.068
0.046
0.053
0.073
0.078
0.013
0.040
0.101
0.026
0.078
0.036
0.042
nan
0.055
0.064
0.063
0.014
0.057
0.031
0.027
0.039
0.037
0.042
0.039
0.065
0.061
0.061
0.200
0.025
0.031
0.046
0.005
0.076
0.088
0.051
nan
nan
0.108
0.053
0.037
0.101
nan
0.032
nan
0.072
0.037
0.020
0.065
0.047
0.028
0.058
0.040
0.061
0.044
0.044
0.052
0.044
nan
0.052
0.043
0.067
0.025
0.025
0.077
0.047
0.065
0.020
0.072
0.062
0.038
0.024
nan
0.040
0.024
nan
0.051
0.011
0.045
0.058
0.051
0.035
0.035
0.047
0.025
0.037
0.079
0.018
0.041
0.045
0.066
0.048
0.064
0.033
0.058
0.010
0.041
0.020
0.063
0.047
0.036
0.041
0.041
0.049
0.036
0.045
0.078
0.060
0.067
0.038
nan
0.066
0.066
0.077
0.047
0.033
0.070
0.040
0.025
0.060
0.039
0.004
0.053
0.032
0.018
0.039
0.033
0.047
0.023
0.034
0.045
0.042
0.042
0.044
0.022
0.018
0.069
0.013
0.043
0.038
0.077
0.041
0.037
0.077
0.043
0.045
0.046
nan
0.027
0.076
0.034
0.036
0.038
nan
0.060
0.056
0.041
0.028
0.044
0.034
0.050
0.028
0.038
0.032
0.090
0.019
0.041
0.040
nan
0.031
0.031
0.039
0.051
0.050
nan
0.083
0.046
nan
nan
0.032
0.019
0.054
0.030
0.017
0.028
nan
0.043
0.046
0.036
0.041
0.111
0.039
nan
0.037
0.057
0.071
0.060
0.063
0.066
0.037
0.061
0.061
0.056
0.047
0.023
0.069
0.060
0.043
0.088
0.039
0.047
0.071
0.042
0.050
0.052
0.031
0.066
0.024
0.012
0.079
0.039
0.031
0.046
0.046
0.091
0.120
0.041
0.063
0.039
0.034
0.022
0.036
0.043
0.036
0.052
0.038
0.062
0.061
0.130
0.055
0.054
0.049
0.041
0.024
0.040
0.035
0.063
0.055
0.041
0.071
0.078
0.046
0.084
0.040
0.009
0.026
0.030
0.049
0.195
0.046
0.137
0.043
0.053
0.037
0.035
0.035
0.072
0.051
0.039
0.091
0.022
0.077
0.050
0.055
0.053
0.093
0.067
0.059
0.068
0.042
0.051
0.065
0.008
0.044
0.067
0.051
0.008
0.033
0.051
nan
0.042
0.036
0.066
0.032
0.041
0.051
0.039
0.026
nan
0.081
0.035
0.043
0.038
0.076
0.042
0.039
0.066
0.043
0.078
0.040
0.044
0.042
0.045
0.019
0.101
0.051
0.023
0.039
0.047
nan
0.037
0.057
0.101
0.102
0.034
0.045
0.040
0.106
0.032
0.199
0.046
0.069
0.047
0.042
0.050
0.029
0.054
0.036
0.068
0.026
0.058
0.065
0.039
0.063
nan
0.046
0.021
0.025
0.024
0.082
0.105
0.037
0.056
0.044
0.018
0.063
0.046
0.019
0.078
0.031
0.038
0.081
0.068
0.077
0.032
0.040
0.023
0.024
0.048
0.040
0.042
0.058
0.025
0.079
0.031
0.043
0.038
0.058
0.077
0.013
0.043
0.064
nan
0.033
0.048
0.033
0.048
0.093
0.039
0.047
0.105
0.021
0.040
0.047
0.044
0.050
0.039
0.093
0.023
0.042
0.054
0.031
0.044
0.052
0.046
0.077
0.031
0.089
0.039
0.110
0.099
0.078
0.063
0.051
0.041
0.050
0.013
0.040
0.065
0.076
0.105
0.032
nan
0.041
0.049
0.094
0.100
0.061
0.045
0.038
0.056
0.047
0.066
0.061
0.044
0.045
0.054
nan
0.056
0.032
0.045
0.047
0.042
0.040
0.045
0.077
0.055
0.047
0.037
0.064
0.067
0.037
nan
0.040
0.059
0.069
0.045
0.105
0.044
0.063
0.019
0.040
0.069
0.055
0.097
0.062
0.090
0.104
0.039
0.051
0.052
0.058
nan
0.055
0.039
0.043
0.044
0.111
0.031
0.061
0.053
0.043
0.036
0.047
0.034
0.044
0.048
0.094
0.060
0.043
0.055
nan
0.004
0.030
0.081
0.079
0.039
0.041
0.051
0.045
0.053
0.038
0.095
0.039
nan
0.029
0.054
0.047
0.087
0.025
0.040
0.048
0.042
0.068
0.040
0.038
0.041
0.065
0.045
0.057
0.009
0.053
0.073
0.209
0.043
0.105
0.025
0.011
0.057
0.034
nan
0.034
0.052
0.022
0.104
0.040
0.029
nan
0.077
0.058
0.060
0.037
0.029
0.064
0.039
0.023
0.066
0.046
0.058
0.035
0.055
0.040
0.025
0.069
0.039
0.038
0.014
0.029
0.035
0.039
0.037
0.065
0.052
0.027
0.039
0.044
nan
0.041
0.071
0.036
0.040
0.023
0.038
0.055
0.054
0.049
0.067
0.041
0.061
0.042
0.043
nan
0.048
0.047
0.087
0.043
0.040
0.187
0.034
0.067
0.015
0.046
0.055
0.058
0.043
0.079
0.044
0.055
0.044
0.044
nan
0.047
0.040
nan
0.041
0.037
0.039
0.061
0.059
0.209
0.033
0.025
0.016
nan
0.049
0.043
0.023
0.033
0.068
0.019
0.044
0.039
0.037
0.047
0.096
0.045
0.043
nan
0.025
0.021
0.051
0.029
0.025
0.038
0.041
0.081
0.066
0.039
0.073
0.045
0.060
0.041
0.042
0.047
nan
0.046
0.061
0.053
0.049
0.052
0.057
0.039
0.047
0.040
0.043
0.032
0.023
0.054
0.045
0.032
0.037
0.044
0.023
0.031
0.024
0.035
0.037
0.052
0.024
0.040
0.044
0.073
0.050
0.070
0.004
0.013
0.043
0.042
0.068
0.044
0.066
0.045
0.038
0.037
0.037
0.068
0.058
0.060
0.018
0.025
0.048
0.064
0.050
0.041
0.026
nan
0.062
0.069
0.037
0.055
0.063
0.044
0.071
0.052
0.038
0.016
0.068
0.066
0.036
0.038
0.052
0.010
0.022
0.046
0.033
0.066
0.034
0.021
0.102
0.059
0.044
0.051
0.021
0.038
0.044
0.048
0.034
0.042
0.049
0.046
0.006
0.057
nan
0.050
nan
0.030
0.012
0.038
0.041
0.060
0.082
0.038
0.023
0.056
0.059
0.023
0.031
0.013
0.109
0.041
0.041
0.043
0.041
0.042
0.047
0.049
0.050
0.028
0.093
0.080
0.204
nan
0.043
0.044
0.040
0.046
0.045
0.046
0.076
0.026
0.021
0.071
0.063
0.074
0.060
0.042
0.029
0.044
0.062
0.031
0.040
0.038
0.035
0.069
0.062
0.064
0.049
0.111
0.050
0.113
0.050
0.053
0.046
0.087
0.043
0.051
0.043
0.079
nan
0.020
0.026
0.041
0.079
0.044
0.039
0.006
0.047
0.035
0.038
0.039
0.112
0.048
0.030
0.037
0.044
0.038
0.206
0.032
0.075
0.050
0.021
0.043
0.060
0.078
0.043
0.069
0.049
0.059
0.035
0.038
0.053
0.043
0.086
0.045
0.060
0.047
nan
0.075
0.072
0.047
0.070
0.043
0.071
0.044
0.054
0.038
0.028
0.118
0.036
0.063
0.055
0.067
0.048
0.012
0.034
0.078
0.046
0.034
0.041
0.041
0.039
0.044
0.045
0.046
0.097
0.041
0.046
0.041
nan
0.053
0.043
0.061
nan
0.077
0.070
0.042
0.034
0.039
0.044
0.041
0.039
0.014
0.036
0.042
0.033
0.039
0.048
0.050
0.013
0.043
0.038
0.050
0.029
0.028
0.045
0.031
0.065
0.061
0.047
0.046
0.046
0.053
0.032
0.067
0.077
0.030
0.063
0.046
0.040
0.059
0.006
0.050
0.046
0.037
0.047
0.039
0.043
0.038
0.046
nan
0.043
0.047
0.037
0.032
0.117
0.089
0.040
0.047
0.037
0.046
0.026
0.121
0.037
0.046
0.029
0.035
0.042
0.040
0.064
0.067
0.063
0.035
0.041
0.053
0.047
0.040
0.007
0.043
0.064
0.051
0.038
0.066
0.057
0.030
0.032
0.032
0.087
0.079
0.034
0.022
0.050
0.038
0.054
0.079
0.046
0.070
0.051
0.054
0.039
0.042
0.040
0.017
0.041
0.044
0.045
0.058
0.058
0.041
0.034
0.038
nan
0.058
0.049
0.079
0.047
0.056
0.041
0.020
0.124
0.041
0.075
0.071
0.043
0.019
0.040
0.102
0.037
0.040
0.039
0.051
0.042
0.043
0.043
0.066
0.046
0.030
0.040
0.037
0.038
0.037
0.039
0.049
0.064
0.060
0.030
0.027
0.046
0.026
0.045
0.064
0.045
0.041
0.039
0.062
0.039
0.041
0.042
0.037
0.039
0.022
0.064
0.082
0.019
0.040
nan
0.059
0.040
0.051
0.064
0.030
0.057
0.044
0.067
0.054
0.039
0.094
0.056
0.039
0.053
0.036
0.059
0.062
0.093
0.022
nan
0.037
0.041
0.082
0.052
0.042
0.043
0.067
0.039
0.047
0.039
0.038
0.044
0.026
0.022
0.037
0.050
0.049
0.041
0.038
0.048
0.049
0.043
0.032
0.069
0.028
0.103
0.082
0.061
0.011
0.044
0.043
0.075
nan
0.050
0.007
0.083
0.085
0.063
0.054
0.039
0.065
0.020
0.062
0.055
0.052
0.018
0.059
0.061
0.049
0.046
0.045
0.065
0.057
0.011
0.049
0.007
0.054
0.045
0.030
0.059
0.122
0.050
0.041
0.027
0.039
0.059
0.049
0.016
0.045
0.065
0.039
0.039
0.038
0.046
0.055
0.101
0.043
0.038
0.066
0.051
0.023
0.039
0.038
0.029
0.040
0.026
0.046
0.040
0.040
0.043
0.045
0.068
0.041
0.038
0.078
0.077
0.066
0.061
0.031
0.046
0.054
0.055
0.100
0.047
nan
0.045
0.050
0.063
0.028
0.029
0.066
0.036
nan
0.048
0.036
0.051
0.030
0.053
0.036
0.044
0.032
0.031
0.045
0.045
0.053
nan
0.056
0.044
0.046
0.073
0.065
0.037
0.076
0.047
0.066
0.040
0.023
0.045
0.016
0.047
0.026
0.044
0.039
0.039
0.038
0.067
0.038
0.043
0.048
0.039
0.078
0.033
0.046
0.039
0.052
0.042
0.059
0.042
0.052
0.043
0.045
0.077
0.024
0.041
0.038
0.036
0.040
0.054
0.039
0.073
0.040
0.041
0.065
0.031
0.061
0.072
0.039
0.050
0.026
0.044
0.044
0.038
0.042
0.049
0.071
0.019
0.038
0.033
0.034
0.040
0.040
0.042
0.060
0.040
0.063
0.045
0.008
0.034
0.081
0.051
0.039
0.046
0.028
0.051
0.096
0.039
0.053
0.043
0.008
0.063
0.049
0.051
0.033
0.029
0.045
0.050
0.057
0.041
0.035
0.038
nan
0.041
0.069
0.164
0.062
0.105
0.061
0.018
0.057
0.054
0.039
0.065
0.038
0.046
0.076
0.053
0.079
0.024
0.044
0.051
0.036
0.040
0.059
0.111
0.090
0.039
0.040
0.050
0.043
0.039
0.043
0.046
0.071
0.057
0.044
0.043
0.047
nan
0.030
0.034
0.094
0.050
0.045
0.079
0.096
0.026
0.054
0.026
0.047
0.036
0.038
0.061
0.051
0.108
0.035
0.047
0.054
0.047
0.043
0.076
0.043
0.046
0.046
0.092
0.056
0.036
0.041
0.050
0.030
0.042
0.035
0.038
0.075
0.045
0.085
0.027
0.040
0.044
0.112
0.048
0.080
0.020
0.039
0.035
0.009
0.053
0.033
0.045
0.044
0.043
0.042
0.050
0.047
0.010
0.052
0.019
0.037
0.050
0.043
0.072
0.098
0.040
0.045
0.048
0.044
0.039
0.028
0.040
0.032
0.032
0.027
0.043
0.034
0.069
0.065
0.039
0.043
0.037
0.063
0.036
0.039
0.024
0.056
0.053
0.069
0.039
0.044
0.040
0.049
0.025
0.074
0.049
0.063
0.019
0.039
0.043
0.054
0.037
0.005
0.038
0.041
0.063
nan
0.039
0.045
0.024
0.049
0.062
0.033
0.059
0.064
0.038
0.054
0.028
0.011
0.028
0.056
0.086
0.010
0.070
0.040
0.045
0.070
0.032
0.043
0.048
0.044
0.039
0.080
nan
nan
0.055
nan
0.038
0.048
0.020
0.030
0.066
0.050
0.049
0.062
0.059
0.047
0.044
0.040
0.059
0.045
0.076
0.052
0.039
0.033
0.038
0.045
0.032
0.054
0.039
0.053
0.088
0.038
0.031
0.051
0.028
0.048
0.059
0.035
0.038
0.040
0.045
0.041
0.044
0.035
0.022
0.105
0.042
0.049
0.117
0.049
0.066
0.065
0.031
0.064
0.038
0.048
0.040
0.042
0.080
0.038
0.044
0.075
0.050
0.033
0.039
0.041
0.065
0.045
0.037
0.045
0.028
0.034
0.068
0.037
0.036
0.058
0.073
0.039
nan
0.039
0.049
0.026
0.047
0.029
0.045
nan
0.031
0.014
0.041
0.043
0.035
0.046
0.043
0.039
0.031
0.050
0.078
0.061
0.029
0.022
0.043
0.065
0.039
0.059
0.037
0.054
0.044
0.048
0.040
0.064
nan
0.065
0.076
0.054
0.040
0.050
0.075
0.049
0.029
0.039
0.038
0.097
0.046
0.043
0.017
0.054
0.079
0.091
0.044
0.012
0.036
0.078
0.043
0.040
0.057
0.027
0.060
0.044
0.041
0.040
0.028
0.031
0.058
0.029
0.038
0.058
0.038
0.039
0.041
nan
0.062
0.044
0.013
0.045
0.050
0.045
0.049
0.046
0.051
0.038
0.026
0.054
0.054
0.027
0.040
0.051
0.066
0.049
0.044
0.017
0.046
0.037
0.077
0.050
0.203
0.046
0.045
0.021
0.043
0.065
0.050
0.050
0.039
0.052
0.080
0.043
0.047
0.038
0.056
0.093
0.064
0.043
0.040
0.043
0.062
0.039
0.044
0.036
0.043
0.066
0.029
0.060
0.034
0.041
0.044
0.050
0.070
0.057
0.054
0.043
0.040
0.039
0.059
0.033
0.044
0.091
0.027
0.041
nan
0.054
0.037
0.066
0.034
0.026
0.047
0.020
0.033
0.010
0.051
0.044
0.051
0.036
0.053
0.018
0.051
0.054
0.045
0.051
0.029
0.075
0.032
0.053
0.053
0.048
0.070
0.040
0.039
0.027
0.045
0.048
0.049
0.039
0.047
0.032
0.070
0.046
0.066
0.045
0.070
0.063
0.049
0.059
0.050
0.071
nan
0.054
0.045
0.013
0.017
nan
0.043
0.046
0.046
0.080
0.042
0.064
0.041
0.041
0.047
0.079
0.021
0.045
0.060
0.026
0.104
0.113
nan
0.035
0.035
0.050
0.042
0.060
0.033
0.046
0.045
0.051
0.044
0.052
0.038
0.065
0.030
0.055
0.032
0.027
0.028
0.085
0.043
0.040
0.047
0.036
0.051
0.044
0.046
0.065
0.027
0.052
0.021
0.050
0.052
0.042
0.025
0.044
0.035
0.041
0.034
0.044
0.050
0.066
0.051
0.039
0.039
0.041
0.073
0.037
0.051
0.080
0.074
0.054
0.046
0.038
0.037
0.044
0.054
0.050
0.062
0.050
0.050
0.097
0.051
0.035
0.039
0.048
0.050
0.069
0.039
0.042
0.071
0.049
0.070
0.039
0.038
0.048
0.067
0.038
0.043
0.039
0.025
0.035
0.046
0.043
0.046
0.003
0.071
0.028
0.034
0.043
0.043
0.043
0.054
0.053
0.047
0.087
0.051
0.042
0.070
0.039
0.078
0.042
0.038
0.077
0.049
0.065
0.038
0.059
0.034
0.050
0.009
0.050
0.025
0.109
0.025
0.053
0.039
0.031
0.044
0.046
0.020
0.051
0.006
0.109
0.028
0.052
0.058
0.048
0.027
0.037
0.050
0.104
0.059
0.105
0.063
0.071
nan
0.039
0.048
0.031
0.107
0.106
0.042
0.025
0.042
0.044
0.046
0.103
0.045
0.061
0.040
0.058
0.048
0.040
0.038
0.047
0.094
0.049
0.051
0.043
0.042
0.039
0.062
0.042
0.032
0.041
0.044
0.037
0.026
0.043
0.027
0.043
0.063
0.043
0.088
nan
0.037
0.072
0.051
0.032
0.042
0.038
0.041
0.080
0.067
0.040
0.040
0.084
0.050
0.039
0.041
0.048
0.037
0.038
0.036
0.040
0.049
0.079
0.033
0.039
0.027
nan
0.054
0.044
0.038
0.042
0.037
0.164
0.035
0.056
0.055
0.051
0.042
0.044
0.109
nan
0.079
0.069
0.039
0.045
0.043
0.047
0.044
0.045
0.040
0.055
0.038
0.051
0.060
0.032
0.048
0.039
0.048
0.042
0.083
0.040
0.047
0.051
0.038
0.045
nan
0.071
0.050
0.049
0.079
0.031
0.066
0.045
0.104
0.046
0.043
0.042
0.038
0.028
0.067
0.050
0.058
0.042
0.061
0.053
0.052
0.050
0.058
0.036
0.047
0.049
0.041
0.062
0.047
0.038
0.037
0.070
0.059
0.032
0.042
0.039
0.047
0.049
0.065
0.054
0.052
0.052
0.038
0.076
0.065
0.046
0.039
0.020
0.062
0.066
0.039
0.062
0.110
0.039
0.021
0.053
0.051
0.036
0.042
0.064
0.039
0.046
0.043
0.019
0.039
0.033
0.091
0.050
0.067
0.062
0.082
0.039
0.086
0.046
0.064
nan
0.044
0.045
0.054
0.039
nan
0.062
0.067
0.082
0.062
0.044
0.070
0.040
0.055
0.033
0.063
0.058
0.055
0.043
0.051
0.040
0.040
nan
0.069
0.052
0.040
0.054
0.031
0.055
0.055
0.038
0.058
0.023
0.047
0.030
0.039
0.009
0.074
0.026
0.049
0.055
0.048
0.045
0.016
0.045
0.043
0.044
0.045
0.049
0.037
0.042
0.065
0.055
0.051
0.091
0.049
0.083
0.071
0.066
0.040
0.064
0.041
0.053
0.053
0.073
nan
0.056
0.035
0.065
0.042
0.039
0.045
0.041
0.059
0.044
0.084
0.039
0.041
0.040
0.055
0.073
0.050
0.083
0.044
0.048
0.055
0.056
0.057
0.037
0.039
0.043
0.079
0.042
0.104
0.039
0.079
0.045
0.117
0.046
0.036
0.046
0.026
0.039
0.105
0.053
0.023
0.046
0.026
0.042
0.075
0.049
0.052
0.033
0.042
0.041
0.030
0.050
0.037
0.051
0.021
0.064
0.040
0.043
0.114
0.076
0.038
0.040
0.052
0.040
0.059
0.041
0.064
0.039
0.027
0.037
0.034
0.022
0.063
0.038
0.038
0.039
0.047
0.046
0.058
nan
0.055
0.042
0.051
0.118
0.013
0.057
0.042
0.044
0.089
0.051
0.042
0.051
0.079
nan
0.010
0.072
0.038
0.051
0.066
0.060
0.052
0.057
0.037
0.047
0.050
0.034
0.049
0.053
0.056
0.038
0.043
0.036
0.047
0.069
nan
nan
nan
0.047
0.037
0.038
0.045
0.046
0.041
0.031
0.043
0.097
0.040
0.008
0.039
nan
0.036
0.032
0.036
0.056
0.109
0.034
0.047
0.039
0.044
0.078
0.042
0.098
0.053
0.006
0.049
0.051
0.039
0.048
0.044
0.051
0.045
0.038
0.029
0.052
0.049
0.080
0.054
0.102
0.084
0.102
0.045
0.059
0.034
0.053
0.044
0.014
0.040
0.078
0.005
0.051
0.061
0.047
0.048
0.042
0.036
nan
0.025
0.047
0.028
0.038
0.026
0.038
0.066
0.028
0.044
0.089
0.030
0.101
0.042
0.041
0.034
0.048
0.039
0.050
0.050
0.061
0.048
0.052
0.024
0.036
0.042
0.083
0.038
0.049
0.078
0.015
0.044
0.073
0.052
0.048
0.098
0.049
0.074
0.080
0.055
0.052
0.033
0.062
0.046
0.039
nan
0.029
0.042
0.051
0.034
0.037
0.050
0.041
0.056
0.039
0.043
0.059
0.040
0.039
0.051
0.053
0.075
0.039
0.037
0.075
0.046
0.050
0.065
0.055
0.041
0.045
0.038
0.018
0.039
0.049
0.041
0.049
0.062
0.051
0.043
0.041
0.073
0.079
0.043
0.056
0.063
0.013
0.031
0.038
0.076
0.024
0.048
0.040
0.012
0.011
0.067
0.038
0.044
0.017
0.044
0.044
0.072
0.071
0.106
0.086
0.077
nan
0.064
0.039
0.074
0.026
0.041
0.051
0.038
0.023
0.070
0.039
nan
0.038
0.051
0.041
0.077
0.105
0.047
0.079
0.014
0.055
0.038
0.043
0.061
0.084
0.013
0.106
0.053
0.056
0.040
0.047
0.052
0.051
0.046
0.049
0.035
0.065
0.062
0.043
0.053
0.052
0.052
0.047
0.075
0.055
0.038
0.080
0.043
0.050
0.037
0.045
0.108
0.031
0.059
0.038
0.083
0.038
0.052
0.081
0.022
0.044
0.006
0.054
0.118
0.053
0.028
0.078
0.045
0.051
0.160
0.082
0.065
0.056
0.051
0.056
0.048
0.042
0.035
0.061
0.042
0.049
0.080
0.042
0.032
0.118
0.049
0.045
0.057
0.009
0.060
0.045
0.111
0.076
0.046
0.066
0.044
0.059
0.043
0.066
0.043
0.050
0.038
0.052
0.066
0.049
0.049
0.072
0.057
0.042
0.125
0.121
0.055
0.027
0.042
0.078
0.038
0.020
0.064
0.035
0.040
0.054
0.059
0.051
0.048
0.111
0.064
0.051
0.059
0.048
0.051
0.064
0.092
0.051
0.039
0.112
0.041
0.042
0.049
0.057
0.068
0.038
0.044
0.072
0.055
0.113
0.038
0.064
0.043
0.047
0.039
0.037
nan
0.063
0.048
0.054
0.107
0.100
0.030
0.057
0.046
0.048
0.045
0.040
0.060
0.034
0.082
0.048
0.051
0.050
0.059
0.042
0.032
0.075
0.047
0.052
0.038
0.110
0.036
0.070
0.041
0.050
0.050
0.104
nan
0.039
0.040
0.088
0.057
nan
0.035
0.058
0.064
0.033
0.052
0.062
0.029
0.042
0.038
0.077
0.043
nan
0.036
0.038
0.049
0.042
0.048
0.073
nan
0.054
0.053
0.031
0.047
nan
0.196
0.052
0.051
0.050
0.063
0.073
0.067
0.028
0.037
0.064
0.037
0.046
0.043
0.079
0.053
0.038
0.053
0.038
0.121
0.048
0.091
0.040
0.027
0.044
0.040
0.036
0.045
0.063
0.055
0.059
0.037
nan
nan
0.052
0.108
0.043
0.052
0.038
0.049
0.044
0.080
0.098
0.066
0.046
nan
0.030
0.081
0.057
0.057
0.010
0.051
0.047
0.066
0.063
0.038
0.069
0.044
0.049
0.060
0.081
0.068
0.080
0.035
0.053
0.043
0.070
nan
0.040
0.074
0.034
0.069
0.074
0.037
0.083
0.051
0.038
0.042
0.057
0.083
0.108
0.051
0.122
0.061
0.055
0.041
0.072
0.049
0.045
0.055
0.048
0.033
0.058
0.066
0.043
0.050
0.097
0.061
0.046
0.045
0.085
0.103
0.058
0.015
0.079
0.116
0.075
0.067
0.082
0.039
0.111
nan
0.038
nan
0.055
0.056
0.039
0.055
0.045
0.038
0.066
0.027
0.042
0.055
0.038
0.069
0.052
0.033
0.068
0.057
0.053
0.046
0.048
0.043
0.045
0.038
0.067
0.080
0.043
0.033
0.073
0.047
0.059
0.056
0.055
0.058
0.008
0.044
0.066
0.038
0.063
0.046
0.097
0.054
0.012
0.054
0.108
0.038
0.054
0.055
0.049
0.077
0.039
0.045
0.033
0.047
0.051
0.064
0.051
0.019
0.057
0.060
0.047
0.052
0.046
0.010
0.055
0.053
0.052
0.035
0.049
0.051
0.041
0.038
0.039
0.048
0.038
0.069
0.040
0.079
0.076
0.038
0.047
0.078
nan
0.015
0.058
0.060
0.051
0.036
0.012
0.066
0.038
0.057
0.047
0.032
nan
0.058
0.049
0.058
0.043
0.078
0.044
0.103
0.027
0.042
0.041
0.094
0.053
0.051
0.080
0.065
0.043
0.071
0.070
0.072
0.073
0.052
0.077
0.051
0.104
0.039
0.039
0.079
0.042
0.079
0.058
0.060
0.038
0.065
0.027
0.055
0.104
0.047
0.045
0.050
0.039
0.067
0.038
0.056
0.041
0.054
0.161
0.061
0.050
0.054
0.039
0.052
0.034
0.084
0.028
0.064
0.064
0.036
0.039
0.043
0.066
0.034
0.040
0.039
0.038
0.038
0.011
0.053
0.027
0.074
0.039
0.022
nan
0.049
0.040
0.091
0.092
0.102
0.063
0.051
0.049
0.040
0.042
0.034
0.051
0.026
0.043
0.023
0.038
0.074
0.053
0.045
0.045
0.028
0.089
0.076
0.070
0.073
nan
0.050
0.052
0.013
0.062
0.084
0.054
0.040
0.066
0.034
0.052
0.052
0.038
0.047
0.052
0.087
0.045
0.063
0.038
0.041
0.055
0.056
0.118
0.048
0.039
0.060
0.043
0.050
0.048
0.049
0.048
0.054
0.101
0.038
0.084
0.070
0.054
0.044
0.056
0.038
0.036
0.083
0.062
0.083
0.084
0.048
0.074
0.050
0.064
0.076
0.059
0.046
0.051
0.046
0.062
0.039
0.062
0.044
0.008
0.024
0.079
0.065
0.034
0.113
0.045
0.038
0.078
0.108
0.082
0.053
0.057
0.043
0.085
0.057
0.081
0.055
0.067
0.052
0.046
0.041
0.046
0.097
0.050
0.016
0.049
0.096
0.058
0.087
0.051
0.068
0.038
0.077
0.082
0.050
0.050
0.118
0.068
0.060
0.048
0.105
0.081
0.052
0.083
0.080
0.061
0.074
0.044
0.064
0.041
0.095
0.072
0.044
0.083
0.066
0.066
0.054
0.014
0.022
0.045
0.065
0.090
0.041
0.046
0.083
0.054
0.072
0.044
0.050
0.047
0.048
0.078
0.052
0.075
0.062
0.059
0.036
0.038
0.048
0.040
0.052
0.044
0.101
0.083
0.051
0.052
0.038
0.033
0.053
0.065
0.065
0.023
0.034
0.069
0.035
0.055
0.072
0.046
0.044
0.027
0.050
0.053
0.040
0.055
0.072
0.052
0.066
0.052
0.052
0.047
0.049
0.062
0.047
0.080
0.049
0.038
0.042
0.056
0.051
0.014
0.082
0.081
0.054
0.074
0.052
0.059
0.066
0.080
0.038
0.106
0.048
0.078
0.038
nan
0.124
0.085
0.066
0.043
0.072
0.041
0.043
0.079
0.083
0.059
0.039
0.112
nan
0.074
0.037
0.048
0.082
0.059
0.044
0.037
0.047
0.072
0.053
0.051
0.054
0.035
0.068
0.049
0.058
0.049
nan
nan
0.048
0.079
0.056
0.051
0.065
0.036
0.046
0.094
0.079
0.048
0.051
0.060
0.053
0.042
0.068
nan
0.038
0.071
0.072
0.061
0.074
0.048
0.040
0.014
0.107
0.037
0.044
nan
0.089
0.044
0.051
0.051
0.038
0.086
0.041
0.050
0.013
0.041
0.010
0.069
0.052
0.045
0.076
0.065
0.032
0.036
0.065
0.059
0.051
0.053
nan
0.045
0.040
0.045
0.067
0.090
0.044
0.051
0.059
0.049
0.062
nan
0.087
0.052
0.054
0.039
0.043
0.092
0.056
0.071
0.080
0.048
0.048
0.021
0.038
0.048
0.041
0.100
0.062
0.122
0.084
0.059
0.113
0.051
0.052
0.062
0.033
0.044
0.058
0.021
0.052
0.051
0.056
0.055
0.082
0.071
0.049
0.082
0.057
0.047
0.009
0.080
0.046
0.040
0.091
0.061
0.041
nan
0.038
0.030
0.082
0.064
0.048
0.050
nan
0.036
0.048
0.069
0.045
0.044
0.028
0.057
nan
0.045
0.062
0.055
0.076
0.051
0.050
0.049
0.054
0.067
0.051
0.038
0.087
0.052
0.050
0.030
0.018
0.047
0.050
0.064
0.059
0.084
0.105
0.036
0.028
nan
0.060
0.010
0.082
0.039
0.030
0.014
0.039
0.098
0.075
0.049
nan
0.126
0.045
0.096
0.070
0.052
0.050
0.056
0.054
0.106
0.056
0.052
0.065
0.081
0.044
0.048
0.042
0.039
0.039
0.056
0.065
0.083
0.052
0.056
0.055
0.026
0.046
0.044
0.095
0.055
0.043
0.093
0.043
0.057
0.068
0.057
0.045
0.044
0.045
0.049
0.042
0.063
0.051
nan
0.060
0.068
0.033
0.052
0.088
0.081
0.051
0.069
0.051
0.048
0.041
0.054
0.049
0.051
0.081
0.087
0.051
0.049
0.022
0.040
0.042
0.019
0.038
0.037
0.031
0.070
0.057
0.060
0.037
0.043
0.046
0.041
0.052
0.060
0.056
0.038
0.053
0.031
0.039
0.094
0.041
0.081
0.040
0.031
0.053
0.056
0.049
0.096
0.043
0.039
0.032
0.030
0.050
0.063
0.023
0.050
0.075
0.081
0.044
0.032
0.059
0.038
0.033
0.052
0.052
0.040
0.042
0.053
0.047
0.053
0.048
nan
0.058
0.076
0.044
0.028
0.043
0.074
0.038
0.117
0.032
0.038
0.056
0.079
0.066
0.047
0.079
0.047
0.065
0.112
0.099
0.097
0.032
0.058
0.041
0.048
0.053
0.043
0.099
0.047
0.031
0.052
0.066
0.083
0.107
0.051
0.045
0.108
0.045
0.062
0.036
0.102
0.064
0.056
0.048
0.053
0.077
0.061
0.052
0.042
0.053
0.047
0.072
0.067
0.059
0.035
0.041
0.053
0.107
0.034
0.107
0.043
0.073
0.039
0.076
0.043
0.050
0.004
0.043
0.054
0.043
0.066
0.038
0.097
nan
0.048
0.076
0.051
0.064
0.054
0.039
0.080
0.039
0.037
0.048
0.141
0.058
0.034
0.032
0.039
0.069
0.050
0.051
0.077
0.088
0.072
0.045
0.091
0.040
0.058
0.055
0.126
0.071
0.071
0.053
0.069
0.035
0.061
0.082
0.049
0.062
0.080
0.061
0.058
0.006
0.043
0.060
0.056
nan
0.058
0.038
0.086
0.050
0.031
0.042
0.080
0.024
0.039
0.058
0.082
0.059
0.055
0.087
0.059
0.066
0.052
0.038
0.092
0.089
0.048
0.040
0.038
0.052
0.051
nan
nan
0.061
0.169
0.057
0.047
0.032
0.060
0.050
0.081
0.033
0.055
0.065
0.086
0.056
0.058
nan
0.078
0.086
0.019
0.082
0.057
0.044
0.051
0.050
0.053
0.035
0.078
0.053
0.052
0.054
0.049
0.102
0.069
0.071
0.096
0.083
0.035
0.094
0.065
0.039
0.035
0.045
0.058
0.045
0.078
0.059
0.042
0.060
0.055
0.107
0.052
nan
0.042
0.037
0.038
0.046
0.038
0.067
0.060
0.060
0.074
0.056
0.061
0.013
0.053
0.060
0.008
0.038
0.039
nan
0.111
0.064
0.033
0.047
0.049
0.090
0.026
0.089
0.083
0.061
0.073
0.055
0.044
nan
0.045
0.045
0.058
nan
0.050
0.075
0.024
0.052
0.061
0.038
0.137
0.083
0.036
0.049
0.089
0.038
0.010
0.062
0.059
0.049
0.022
0.056
0.057
0.015
0.052
0.052
0.142
0.060
0.037
nan
0.068
0.046
0.098
0.084
0.031
0.057
0.051
0.075
0.056
0.018
0.090
0.081
0.002
0.063
0.070
0.015
0.052
0.046
0.040
0.049
0.073
0.065
nan
0.046
0.053
0.030
0.031
0.021
0.067
0.069
0.058
0.045
0.044
0.041
0.090
0.052
0.067
0.100
0.040
0.043
0.048
0.032
0.043
0.055
0.071
0.083
0.060
0.090
0.140
nan
0.067
0.078
0.063
0.057
0.044
0.025
0.086
0.065
0.040
0.056
0.051
0.056
0.041
0.077
0.051
0.009
0.073
0.063
0.051
0.049
0.098
0.032
0.038
0.102
0.052
0.056
0.084
0.125
0.068
0.104
0.054
0.081
0.050
0.029
0.057
0.037
0.088
nan
0.078
0.098
0.054
0.051
0.050
0.067
0.093
0.020
0.090
0.046
0.052
0.057
0.039
0.025
0.048
0.038
0.060
0.029
0.095
0.050
0.059
0.044
0.052
0.060
0.083
0.059
0.051
0.062
0.056
0.049
0.043
0.074
0.064
0.036
0.055
0.062
0.051
0.016
nan
0.044
0.049
0.076
0.051
0.092
0.057
0.039
0.049
0.104
0.017
0.083
0.039
0.063
0.080
0.033
0.016
0.027
0.054
0.035
0.047
0.038
0.038
0.017
0.097
0.032
0.067
0.038
0.054
0.067
0.078
0.071
0.091
0.054
0.043
0.043
0.057
0.052
0.094
0.074
0.076
0.050
0.084
0.064
0.058
0.048
0.068
0.066
0.076
0.046
0.098
0.082
0.051
0.045
0.083
0.048
0.040
0.039
0.041
0.057
0.080
0.047
0.053
0.064
0.024
0.036
0.078
0.056
0.039
0.068
0.048
0.095
0.038
0.044
0.097
0.097
nan
0.059
0.065
0.046
0.044
nan
0.027
0.100
0.061
0.079
0.102
0.046
0.042
0.046
0.054
0.090
0.051
0.064
0.067
0.038
0.058
0.021
0.080
0.044
0.125
0.063
0.036
0.064
0.090
0.040
0.045
0.087
0.048
0.047
0.027
0.037
0.080
0.083
0.038
0.084
0.057
0.083
0.005
0.048
0.060
0.066
0.048
0.057
0.077
0.067
0.074
0.012
0.074
0.062
0.059
0.036
0.050
0.062
0.043
0.057
0.047
0.038
0.055
0.045
0.064
0.062
0.092
0.050
0.049
0.039
0.079
0.106
0.067
0.016
nan
0.071
0.062
0.038
0.023
0.030
0.090
0.071
0.049
0.029
0.064
0.049
0.039
0.082
0.058
0.094
0.059
0.089
0.101
0.104
0.059
0.047
0.049
0.064
0.041
0.061
0.099
nan
0.096
0.054
0.058
0.050
0.058
nan
0.061
0.059
0.106
0.046
0.107
0.105
0.014
0.115
0.058
0.053
0.031
0.043
0.065
0.040
0.038
0.070
0.073
0.070
0.069
0.075
nan
0.074
0.082
0.071
0.059
0.022
0.012
0.102
nan
0.081
0.051
nan
0.033
0.057
0.062
0.036
0.068
0.055
0.050
0.065
0.079
0.038
nan
0.057
0.051
0.058
0.042
0.082
0.103
0.061
0.063
0.068
nan
0.068
0.011
0.089
0.085
0.058
nan
0.081
0.052
0.056
0.024
0.054
0.063
0.062
0.100
0.043
nan
0.042
0.065
0.074
0.056
0.080
0.021
0.058
0.104
0.073
0.125
0.060
0.098
0.084
0.056
0.007
0.038
0.071
0.095
0.060
0.047
0.047
0.100
0.048
0.125
0.043
0.054
0.065
0.063
0.050
0.051
0.025
0.024
0.111
0.038
0.008
0.044
0.048
0.056
0.066
0.049
nan
nan
0.026
0.038
0.051
0.056
0.049
0.070
0.058
0.061
nan
0.056
0.031
0.083
0.049
0.059
0.055
0.108
0.053
nan
0.026
0.103
0.037
0.045
0.061
0.060
0.075
0.062
nan
0.052
0.011
0.094
nan
0.040
0.169
0.062
0.073
nan
0.080
0.098
0.055
0.068
nan
0.037
0.033
0.120
0.067
0.076
0.066
0.081
0.045
nan
0.054
0.062
0.052
0.073
0.044
0.066
0.055
0.063
0.034
0.043
0.070
0.053
0.056
0.080
0.081
0.079
0.057
nan
0.039
0.055
0.059
0.100
0.056
0.043
0.095
0.026
0.059
nan
0.050
nan
0.066
0.129
0.083
0.060
0.058
0.090
0.066
0.100
0.030
0.082
0.059
0.071
0.036
0.080
0.065
0.066
0.068
0.108
0.035
0.055
0.059
0.076
0.049
0.060
0.076
0.098
nan
0.117
0.094
0.065
0.081
0.048
0.080
0.034
0.029
0.060
0.053
0.096
0.038
0.066
0.014
0.052
0.116
0.070
0.038
0.105
0.047
0.111
0.052
0.053
0.046
0.064
0.051
0.094
0.130
0.062
0.081
0.058
0.056
0.060
nan
nan
0.056
0.043
0.048
0.034
0.092
0.067
0.093
0.078
0.055
0.081
0.109
0.066
0.061
0.066
0.080
0.038
0.027
0.078
0.060
0.102
nan
0.046
0.081
nan
0.033
0.134
0.069
0.065
0.111
0.064
0.107
0.099
0.092
0.025
nan
0.038
0.080
0.079
0.055
nan
0.048
0.064
0.034
0.100
0.080
0.020
0.055
0.059
0.059
0.066
0.057
0.092
nan
0.070
0.054
0.059
0.008
nan
nan
0.080
0.081
0.073
0.048
nan
0.089
0.038
0.078
0.099
0.062
0.055
0.000
0.065
0.058
0.138
0.072
0.065
0.065
0.056
0.063
0.060
0.060
0.058
0.038
0.099
0.064
0.063
0.052
0.098
0.060
0.067
0.066
0.066
0.077
0.064
0.052
nan
0.067
0.078
0.051
0.057
0.115
0.065
0.068
0.054
0.053
0.091
0.040
0.182
0.037
0.061
0.091
0.081
0.068
0.076
0.074
nan
0.022
0.062
nan
0.038
0.060
0.012
0.029
0.051
0.042
0.060
0.061
0.094
0.091
nan
0.056
0.070
0.062
0.031
0.070
nan
nan
0.092
0.059
0.066
0.049
0.061
0.053
0.086
0.036
0.093
0.058
0.039
0.064
0.067
0.071
0.031
0.040
0.069
0.041
0.048
0.023
0.112
nan
0.103
0.043
0.088
0.057
0.068
0.110
0.056
0.067
0.072
0.103
0.067
0.091
0.098
0.039
0.046
0.079
0.061
0.094
nan
0.061
0.096
0.063
0.047
0.062
0.060
0.064
0.070
nan
0.053
0.064
0.078
0.062
0.063
0.056
0.052
0.031
0.078
0.068
0.040
0.057
0.114
0.047
0.063
0.149
0.069
0.067
0.066
0.070
0.079
0.060
0.080
0.060
0.066
0.058
0.019
0.060
0.064
0.126
0.060
0.066
0.062
0.079
0.063
0.067
0.035
0.039
0.107
0.108
0.087
0.123
0.109
0.058
0.069
0.055
0.065
0.088
0.068
0.074
0.062
nan
0.048
0.070
0.072
0.112
0.062
0.063
0.113
nan
0.085
0.060
0.064
0.050
0.098
0.035
0.056
0.062
0.119
0.064
0.038
0.059
0.078
0.079
0.062
0.059
nan
0.067
0.064
0.080
0.079
0.069
0.080
0.135
0.079
0.060
nan
0.070
0.050
0.070
0.066
0.069
0.069
0.059
0.073
0.026
0.067
0.061
0.054
0.097
0.069
0.033
0.062
0.059
0.111
0.063
0.075
0.052
0.058
0.079
0.037
0.053
0.105
0.114
0.043
0.042
0.111
0.007
0.068
0.064
0.065
0.057
0.060
0.055
0.111
0.055
0.071
0.101
0.058
0.034
0.061
0.064
0.074
0.040
0.006
0.101
0.034
0.016
0.062
0.074
0.074
0.123
0.046
0.076
0.081
0.058
0.052
0.014
0.062
0.038
0.063
0.073
0.075
0.058
0.074
0.069
0.039
0.064
0.101
0.028
0.061
0.071
0.039
0.069
0.081
0.068
nan
0.077
0.037
0.038
0.094
nan
0.056
0.080
nan
0.064
0.053
0.050
0.095
0.012
0.111
0.060
0.067
0.072
0.075
0.031
0.062
0.136
0.016
0.057
0.070
0.067
0.104
0.062
0.062
0.090
0.070
0.062
0.120
0.096
0.065
0.075
0.065
0.097
0.063
0.073
0.072
0.065
0.070
0.071
0.097
0.061
0.068
0.123
0.075
0.092
0.072
0.016
0.061
0.096
0.035
0.061
0.053
0.071
0.068
0.099
0.053
0.079
0.039
0.050
0.029
0.080
0.012
0.076
0.122
0.069
nan
0.049
0.063
0.056
0.063
0.067
0.008
0.060
0.071
0.072
0.073
0.069
0.071
0.112
0.044
0.126
0.073
0.067
0.080
0.066
0.042
0.070
0.100
0.064
0.058
0.068
0.072
0.073
0.112
0.085
0.071
0.068
0.032
0.050
0.049
0.075
0.115
0.038
0.077
0.065
0.051
0.038
0.108
0.054
0.064
0.068
0.097
0.120
0.070
0.109
0.084
0.065
nan
0.074
0.102
0.066
0.079
0.067
0.066
0.068
0.086
0.012
0.054
0.073
0.069
0.069
0.044
nan
0.088
nan
0.052
0.091
0.034
0.073
0.077
0.063
0.067
nan
0.036
0.066
0.071
0.076
0.068
0.072
0.063
0.067
0.077
0.062
0.088
0.086
0.071
nan
0.069
0.078
0.066
0.072
0.034
0.034
0.019
0.133
0.070
0.082
0.057
0.112
0.073
0.056
0.097
0.061
0.075
0.065
0.062
0.071
0.109
0.064
0.070
nan
nan
0.065
0.059
0.102
0.067
0.063
0.043
0.066
0.006
0.073
0.121
0.068
0.021
0.078
0.072
0.067
0.063
0.131
0.047
nan
0.069
0.113
0.062
0.070
nan
0.070
0.066
0.033
nan
0.064
nan
0.085
0.070
0.064
nan
0.123
0.061
0.074
0.062
nan
0.033
0.068
0.064
0.070
0.064
0.098
0.077
0.029
0.089
0.093
0.086
0.093
0.006
0.085
0.071
0.072
0.064
0.064
0.067
0.130
0.092
0.067
nan
nan
0.013
0.077
nan
0.078
0.069
0.078
0.073
nan
0.016
0.108
0.042
0.024
0.050
0.077
0.074
0.082
0.078
0.038
0.070
0.132
0.097
0.034
0.065
0.112
0.071
0.096
0.097
0.052
0.074
0.064
0.098
0.074
0.034
0.073
0.069
0.029
0.056
0.115
0.074
0.074
0.061
0.061
0.080
0.054
0.120
0.012
0.075
0.062
0.145
0.072
0.090
0.081
0.068
0.076
0.082
0.041
nan
0.041
nan
0.061
0.060
0.063
0.134
0.073
0.084
0.090
0.008
0.065
0.075
0.044
0.062
0.070
0.081
0.017
0.067
0.051
0.066
0.094
0.141
nan
0.085
0.117
0.136
0.066
nan
0.077
0.071
0.005
0.016
0.017
0.077
0.075
0.054
0.015
0.141
0.081
nan
0.066
0.013
0.074
0.065
0.074
0.072
0.087
0.110
0.110
0.092
0.081
0.092
0.080
0.102
nan
0.063
0.067
0.065
0.043
0.062
0.069
0.109
0.124
0.073
0.134
0.064
0.072
0.129
0.149
0.090
0.039
0.029
0.055
0.077
nan
0.055
0.093
0.012
nan
0.123
0.099
0.093
nan
0.033
0.061
0.006
0.073
0.040
0.035
0.045
0.070
0.073
nan
0.076
0.041
0.100
0.073
0.010
0.070
0.155
nan
0.073
0.079
0.064
0.106
0.072
0.046
0.072
0.095
0.075
0.074
0.061
0.126
0.047
0.040
0.040
nan
0.071
0.069
0.071
0.075
0.099
0.070
0.040
0.049
0.158
0.094
nan
0.137
0.082
0.117
0.062
0.073
0.124
0.047
0.060
0.119
0.075
0.103
0.104
0.103
0.058
0.006
nan
0.012
0.133
nan
0.083
0.073
0.050
0.154
0.061
0.087
0.078
0.106
0.092
0.069
0.021
0.075
nan
0.112
0.011
0.081
0.027
0.045
0.066
nan
0.106
0.118
0.108
0.144
0.076
0.036
0.081
0.079
0.063
0.086
0.076
0.048
nan
0.062
0.057
0.070
0.097
0.121
0.140
0.039
0.097
0.060
0.064
0.053
0.055
0.075
0.032
0.074
nan
0.067
0.071
0.092
0.020
0.109
0.057
nan
nan
0.015
0.095
0.061
0.121
0.103
0.075
0.074
0.126
0.133
0.073
0.045
nan
0.048
0.038
0.026
0.015
nan
0.098
0.065
0.057
0.089
0.062
0.059
0.091
0.121
0.105
0.099
0.054
0.096
0.057
0.049
0.067
0.078
0.153
0.081
0.075
0.069
0.059
0.077
0.095
0.024
0.095
0.096
nan
0.011
0.023
0.131
0.009
0.067
0.080
0.014
0.038
0.041
0.020
0.071
0.037
0.126
nan
0.074
0.075
nan
0.103
nan
0.063
0.096
0.035
0.021
0.017
0.061
0.094
0.042
nan
0.153
0.077
0.071
0.062
0.010
0.077
0.072
0.099
0.098
0.065
0.104
0.103
0.006
0.120
0.093
0.106
0.100
0.090
0.074
nan
0.117
0.043
0.064
0.050
nan
0.076
0.101
0.113
0.096
0.051
0.060
nan
0.043
0.083
0.150
0.010
0.068
0.081
0.073
0.034
0.148
0.047
0.062
0.056
0.032
0.038
0.063
nan
0.080
0.134
0.102
nan
0.051
0.028
0.054
0.075
0.114
0.008
0.099
0.054
0.046
0.124
0.053
nan
0.065
0.110
0.076
0.067
0.049
0.015
0.089
0.154
0.070
0.078
0.007
0.036
0.044
0.009
0.130
0.030
0.139
0.142
nan
0.103
nan
nan
0.125
0.183
0.035
0.079
0.066
0.099
0.063
nan
0.019
0.028
0.053
0.078
0.113
0.058
0.016
0.117
0.074
0.033
nan
0.062
0.073
0.102
0.044
0.029
0.056
0.129
0.117
0.117
0.068
0.096
0.027
nan
0.055
0.043
0.091
0.067
0.160
0.011
0.025
0.076
0.050
0.008
nan
0.117
0.072
0.046
nan
0.104
0.046
nan
0.027
0.055
0.136
0.121
0.060
0.107
0.060
nan
0.038
0.055
0.002
nan
nan
0.050
0.052
0.105
0.038
0.021
0.018
0.047
0.126
0.018
0.034
0.136
0.040
0.077
0.062
0.032
0.039
0.057
0.054
0.021
nan
nan
0.050
0.015
0.069
0.080
0.064
nan
0.055
0.098
0.096
0.157
nan
nan
0.068
0.108
0.102
nan
nan
0.016
0.010
nan
0.074
nan
0.031
0.125
0.007
0.058
0.038
nan
0.014
0.006
0.088
0.008
0.055
0.111
0.018
0.066
0.035
0.161
0.043
0.065
0.044
0.065
0.026
0.073
nan
0.048
nan
nan
0.061
0.056
0.078
0.072
nan
0.061
nan
nan
0.033
0.066
nan
0.007
0.064
0.027
0.039
0.018
nan
0.053
0.059
nan
nan
0.034
0.022
0.033
nan
nan
0.060
0.026
nan
nan
0.064
nan
0.064
0.071
0.018
0.008
0.033
0.013
nan
0.005
0.025
0.098
0.066
0.065
nan
0.016
nan
0.073
nan
nan
0.013
0.068
0.066
0.042
nan
0.070
0.057
0.015
nan
0.057
0.016
nan
0.049
0.069
nan
0.020
nan
0.059
0.076
nan
nan
nan
nan
0.003
0.050
0.042
0.013
nan
nan
0.038
0.054
nan
nan
nan
nan
nan
0.006
nan
0.010
nan
0.072
0.012
nan
nan
nan
nan
0.083
