0.062
0.043
0.056
0.138
0.039
0.094
0.044
0.070
0.015
nan
0.030
0.091
0.031
0.124
0.105
0.051
0.105
0.062
0.038
0.042
0.055
0.143
0.063
0.098
0.088
0.078
0.023
nan
0.015
0.053
0.119
0.018
0.065
0.129
0.110
0.072
0.055
0.101
0.088
0.038
0.100
0.039
0.116
0.132
0.080
0.035
0.076
0.095
0.024
0.063
0.023
0.016
0.080
0.087
0.048
0.093
0.041
0.072
0.021
0.055
0.134
0.089
0.068
0.093
0.111
0.099
nan
0.031
0.045
0.145
0.090
0.109
0.063
0.061
0.084
0.103
0.101
0.033
0.053
0.063
0.054
0.018
0.118
0.015
nan
0.028
0.039
0.048
0.066
0.100
0.028
0.040
0.041
0.083
0.098
0.115
0.143
0.048
0.053
0.092
nan
0.092
0.060
0.103
0.027
0.038
0.104
0.034
0.042
0.074
0.021
0.049
nan
0.035
0.083
0.034
0.068
0.103
0.158
0.028
0.070
0.054
0.056
0.087
0.102
0.097
0.102
0.039
0.042
0.017
0.073
0.084
0.030
0.006
0.084
0.111
0.091
0.031
0.052
0.079
0.064
0.049
0.090
0.044
0.112
0.065
0.081
0.022
0.095
0.027
0.079
0.059
0.019
0.057
0.035
0.090
0.078
0.041
0.087
0.058
0.041
0.078
0.028
0.025
0.079
0.037
0.036
0.070
nan
0.073
0.022
0.107
0.106
0.023
0.018
0.105
0.036
0.079
nan
0.068
0.093
0.068
0.089
0.080
0.035
0.079
0.087
0.025
0.029
0.048
0.053
0.061
0.055
0.040
0.093
0.046
0.033
0.058
0.015
0.056
0.056
nan
0.023
0.082
0.094
0.036
0.103
0.141
0.091
nan
0.063
0.044
0.095
0.036
nan
0.083
0.078
0.074
0.064
0.096
0.080
nan
0.035
0.092
0.114
0.102
0.014
0.053
0.076
0.121
0.062
0.019
0.070
0.074
0.013
0.126
0.017
0.062
0.026
0.091
0.054
0.060
0.164
0.104
0.122
0.167
0.076
0.022
0.048
0.115
0.098
0.038
0.033
0.025
nan
0.101
0.036
0.040
0.063
0.040
0.081
0.040
0.029
nan
0.024
0.048
0.050
0.038
0.086
0.062
0.050
nan
0.075
0.091
0.129
0.059
0.051
0.070
0.176
0.111
0.025
0.093
0.084
0.032
0.085
0.005
nan
0.056
0.036
0.014
0.052
0.034
0.065
0.015
0.089
0.078
0.095
nan
0.034
0.068
0.056
0.047
nan
0.047
0.062
0.104
nan
0.049
0.088
0.141
0.046
0.090
0.084
0.079
0.138
0.113
0.068
0.024
0.045
nan
0.037
0.090
0.026
0.052
0.105
0.024
0.032
0.056
0.060
0.078
0.063
0.137
0.065
0.046
0.060
0.038
0.040
0.052
nan
0.101
0.096
0.080
0.029
0.094
0.052
nan
0.046
0.029
0.057
0.064
0.077
0.026
0.019
0.041
0.064
0.100
0.029
0.038
nan
0.063
0.064
0.064
0.114
0.047
0.068
0.121
0.137
0.058
0.089
0.027
0.077
0.040
0.071
0.058
0.065
0.103
nan
nan
0.080
0.087
0.033
0.077
0.122
0.028
0.089
0.079
0.031
0.055
0.056
0.100
0.097
0.036
0.013
0.095
0.034
nan
0.086
0.178
0.044
0.026
0.065
0.043
0.081
0.053
nan
0.077
0.045
0.031
0.117
0.042
0.072
0.044
0.025
0.040
0.036
0.031
0.105
0.078
0.087
0.027
0.086
0.099
0.034
0.098
0.041
0.081
0.084
0.044
0.037
0.052
0.050
nan
0.090
0.031
0.032
0.036
0.059
0.022
0.121
nan
0.071
0.104
0.101
0.124
nan
0.063
0.054
0.090
0.089
0.066
0.030
0.029
0.036
0.103
0.039
0.106
0.067
0.078
0.060
nan
0.043
0.084
0.146
0.109
0.091
0.094
0.043
0.037
0.069
0.080
0.040
0.022
0.078
0.067
0.046
0.058
0.083
0.025
0.089
0.052
0.095
0.057
0.055
0.021
nan
0.096
0.104
0.077
0.098
0.066
0.045
0.108
0.034
0.041
0.099
0.101
0.098
0.028
nan
0.096
0.078
0.027
0.036
0.094
0.044
0.067
0.018
0.077
nan
0.030
0.031
0.065
0.027
0.130
0.076
0.098
0.051
0.040
0.031
0.077
0.080
0.049
0.054
0.098
0.071
0.023
0.080
0.039
0.054
0.080
0.101
nan
0.085
0.073
0.018
0.034
nan
0.075
0.046
0.090
0.087
0.028
0.127
0.173
0.037
0.071
nan
0.070
0.168
0.067
0.088
0.100
0.044
0.044
0.131
0.079
0.109
0.092
0.057
0.108
0.088
0.109
0.038
0.086
0.040
0.050
0.017
0.039
0.044
0.054
0.025
0.118
0.093
0.079
0.037
0.040
0.032
0.026
0.065
0.128
0.028
0.066
0.023
0.103
0.090
0.059
0.037
0.089
0.026
0.049
0.079
0.045
0.088
0.167
0.051
0.028
0.087
0.069
0.034
0.045
0.043
0.042
0.041
0.047
0.064
nan
0.043
0.102
0.029
0.067
0.070
0.039
0.090
0.100
0.093
0.031
0.024
0.033
nan
0.093
0.076
0.132
0.058
0.049
0.065
0.053
0.074
0.045
0.039
0.068
0.194
0.128
0.078
0.088
nan
nan
0.095
0.123
0.070
0.054
0.036
0.032
0.044
0.131
0.111
0.051
0.062
0.128
0.076
0.019
nan
0.050
0.018
0.029
nan
nan
0.057
0.065
0.082
0.084
nan
0.132
0.033
0.089
0.116
0.038
0.099
0.064
nan
0.021
0.070
0.030
0.043
0.092
0.120
0.060
0.037
0.031
0.091
0.084
0.016
0.065
0.029
0.029
0.045
0.110
0.093
0.051
0.079
0.046
0.053
0.055
0.119
0.087
0.037
0.041
0.044
0.060
0.100
0.021
0.086
0.109
0.117
0.083
0.093
0.072
0.064
0.177
0.009
0.124
0.097
0.067
nan
0.044
nan
0.038
nan
0.095
0.076
0.081
0.028
0.123
0.091
nan
0.081
0.045
0.043
0.066
0.054
0.060
nan
0.080
0.048
0.098
0.062
0.011
0.067
0.069
0.098
0.035
0.040
0.051
0.034
0.169
0.083
0.110
0.040
0.020
0.074
nan
0.041
0.037
0.036
0.157
0.064
0.030
0.036
0.043
0.035
0.086
0.028
0.059
0.076
0.103
0.057
nan
0.098
0.058
0.096
0.087
0.038
0.109
0.063
0.057
0.079
0.082
0.085
0.164
0.054
0.066
0.091
0.056
0.121
0.020
nan
0.140
0.102
0.045
0.108
0.127
0.048
nan
0.037
nan
0.028
0.040
0.124
0.059
0.079
0.055
0.044
0.127
0.040
0.056
0.123
0.108
0.044
0.077
nan
nan
0.100
0.105
0.030
0.060
0.089
0.042
0.117
0.064
0.086
0.049
0.062
0.053
0.114
nan
0.039
0.114
0.125
0.077
0.029
0.065
0.058
0.093
0.046
0.112
0.095
0.030
0.148
0.025
0.030
0.038
0.038
nan
0.212
0.024
0.031
0.087
0.021
0.085
0.097
0.054
0.059
0.034
0.071
0.034
0.053
0.040
0.028
0.039
0.119
0.094
0.012
0.038
0.049
0.027
0.052
0.050
0.024
0.030
0.042
nan
0.103
0.060
0.052
0.041
0.103
0.120
0.088
0.119
0.038
0.062
0.036
0.043
0.100
0.043
0.093
0.030
0.082
0.081
0.040
0.039
0.042
0.017
0.075
0.078
0.095
0.042
0.069
0.109
0.027
0.063
0.076
0.097
0.055
0.127
0.022
0.088
0.046
0.083
0.055
0.065
0.082
0.032
0.052
0.097
0.181
0.033
0.074
0.028
0.028
0.036
0.021
0.050
0.067
0.051
0.031
0.017
0.050
0.034
0.030
0.066
0.060
0.112
0.096
0.023
nan
0.052
0.101
0.078
0.121
0.051
0.042
0.043
0.040
0.100
0.024
0.092
0.071
0.080
0.067
0.054
0.093
0.071
nan
0.043
0.045
0.023
0.081
0.090
0.084
0.111
0.106
nan
0.051
0.041
0.029
nan
0.055
0.022
0.081
0.068
0.074
0.056
0.065
0.048
0.056
0.027
0.053
0.112
0.067
0.046
0.089
0.047
0.122
0.056
0.058
0.096
0.053
0.042
0.031
0.070
0.048
0.037
0.051
0.170
0.094
nan
0.028
0.086
0.052
0.171
0.026
0.021
0.154
0.074
0.032
0.091
0.091
0.035
0.042
0.072
0.060
0.047
0.065
0.148
0.048
0.185
0.051
0.041
0.071
0.147
0.057
0.062
0.073
0.032
0.029
0.100
0.042
0.118
0.080
0.016
0.047
nan
0.069
0.054
0.080
0.080
0.092
0.055
0.029
0.091
0.109
0.157
0.067
0.080
0.044
nan
0.095
0.020
0.034
0.049
0.043
0.032
0.024
0.112
0.058
0.089
0.062
0.072
0.090
0.077
0.105
0.123
0.049
0.028
0.036
0.129
0.037
0.085
0.103
0.034
0.038
0.051
0.068
0.080
0.077
0.051
0.074
0.036
0.026
0.077
nan
0.168
0.152
0.100
0.100
0.039
0.057
nan
0.062
nan
nan
0.036
0.095
0.110
0.125
0.027
0.095
0.077
0.129
0.038
0.053
0.154
0.031
0.063
0.090
0.113
0.031
0.135
0.057
0.096
nan
0.096
0.058
0.123
0.067
0.035
0.051
0.067
0.095
0.111
0.058
0.098
0.043
0.066
0.062
0.043
0.116
0.037
0.062
0.062
0.042
0.093
0.106
0.021
0.098
0.052
0.059
0.083
0.184
0.037
0.081
nan
0.030
0.060
0.043
0.108
0.038
0.048
0.069
0.027
0.057
0.125
0.116
0.131
0.077
0.053
0.053
0.050
0.070
0.033
0.032
0.058
0.062
nan
0.112
0.098
0.043
0.032
0.091
0.039
0.077
0.044
0.126
0.103
0.044
0.046
0.056
0.045
0.038
0.127
0.066
0.027
0.078
0.070
0.077
0.048
nan
0.020
0.175
0.078
0.032
0.052
0.044
0.095
0.045
0.028
0.066
0.117
0.066
0.062
0.016
nan
0.034
0.048
0.072
0.083
0.028
0.083
0.039
0.053
0.075
0.153
0.050
0.198
0.088
0.023
0.032
0.066
0.013
0.088
0.056
0.081
0.071
0.056
0.129
0.028
0.108
0.032
nan
0.009
nan
0.056
0.038
0.126
0.088
0.105
0.056
0.145
0.026
0.089
0.068
0.062
0.019
0.060
0.122
0.038
0.116
0.047
nan
0.032
0.017
0.040
0.034
0.048
0.077
0.049
0.216
0.045
0.075
0.062
0.032
0.063
0.027
0.045
0.109
0.066
0.157
0.026
0.066
0.084
0.042
nan
0.034
nan
0.047
0.120
0.099
0.066
0.087
0.057
0.100
0.111
nan
0.036
0.057
0.051
nan
0.052
0.094
0.082
0.102
0.040
0.040
0.029
0.026
0.054
0.116
0.038
0.057
0.062
0.076
0.038
0.146
0.065
0.067
0.108
0.065
0.110
0.055
0.168
0.125
0.120
0.062
0.074
0.033
0.043
0.033
0.104
0.038
0.100
0.045
0.042
0.094
0.149
0.077
0.023
0.024
0.019
0.018
0.090
0.022
0.036
0.079
0.078
0.121
0.057
0.111
0.039
0.040
0.050
0.042
0.032
0.048
0.054
0.045
0.046
0.124
0.039
0.072
0.090
0.023
0.079
0.025
0.096
0.020
0.066
0.050
0.067
0.031
0.062
0.042
0.027
0.015
0.138
0.083
0.025
0.071
0.050
nan
0.107
0.034
0.064
0.048
0.026
0.187
0.024
0.033
nan
0.074
0.032
nan
0.039
0.139
0.075
0.094
0.056
0.112
0.142
0.024
0.045
0.066
0.037
0.070
0.031
nan
0.020
0.045
0.054
0.059
0.080
0.046
0.067
0.089
0.057
0.050
0.041
0.065
0.128
0.068
0.092
0.078
0.040
0.044
0.051
0.067
nan
0.099
0.048
0.023
0.085
0.186
0.027
0.060
0.064
0.021
0.056
0.103
nan
0.115
0.049
0.083
0.029
0.045
0.038
0.067
0.043
0.040
0.076
0.059
0.126
0.097
0.087
0.086
0.043
0.036
0.074
0.024
0.119
0.176
0.080
0.121
0.106
0.094
0.088
0.024
0.070
0.037
0.062
0.087
0.147
0.092
0.037
0.045
0.096
0.104
0.067
0.077
0.080
0.027
0.060
0.026
0.091
0.051
0.060
0.034
0.032
0.202
nan
0.093
0.047
0.062
0.075
0.039
0.068
0.095
0.045
0.098
0.084
0.029
0.099
0.046
0.131
0.056
0.023
0.070
0.072
0.100
0.075
0.083
0.048
0.114
0.072
0.019
0.076
0.051
0.071
0.042
0.074
0.168
0.051
0.014
0.079
0.106
0.103
0.048
0.053
nan
0.045
0.132
0.039
0.105
0.103
0.083
0.083
0.152
0.052
0.072
0.099
0.137
0.022
0.052
0.050
0.097
0.032
nan
0.096
0.054
0.071
0.025
0.050
0.038
0.043
0.072
0.124
0.059
0.110
0.055
0.067
0.095
0.026
0.046
0.094
nan
0.097
0.083
0.097
0.060
0.050
0.065
0.105
0.067
0.166
0.107
0.034
0.029
0.063
0.058
0.012
0.071
0.090
0.111
0.115
0.098
0.137
0.135
0.054
0.133
nan
0.050
0.106
0.117
0.033
0.023
0.030
0.116
0.085
0.067
0.042
0.117
0.098
0.052
0.082
0.080
0.202
0.102
0.094
0.120
nan
0.073
0.056
0.032
0.035
0.031
0.114
0.078
0.148
0.123
0.013
0.034
0.107
nan
0.016
0.057
0.031
0.084
0.026
0.211
0.084
0.050
0.088
0.087
0.063
0.050
0.053
0.081
0.042
nan
0.094
0.107
0.134
nan
0.014
0.089
0.043
0.101
0.026
0.139
0.053
0.045
0.048
0.062
0.079
0.049
0.091
0.032
nan
0.034
0.097
0.111
0.087
0.017
0.051
0.051
0.070
0.059
0.020
0.112
0.077
0.092
0.032
0.140
0.139
0.034
0.069
0.046
0.203
0.020
0.043
nan
0.051
0.101
0.037
0.123
0.129
0.076
0.022
0.063
0.054
0.106
0.055
0.198
0.154
0.052
0.073
0.091
0.106
0.208
0.043
0.066
0.030
0.074
0.074
0.204
0.070
0.091
nan
0.034
0.050
0.028
0.039
0.095
0.065
0.116
nan
0.068
0.036
0.066
0.051
0.087
0.029
0.116
0.090
0.050
0.103
0.062
0.050
nan
0.067
0.067
0.038
0.159
0.055
0.041
0.087
0.033
0.074
0.036
0.034
0.070
0.020
0.048
0.110
0.028
0.029
0.037
nan
0.116
nan
0.046
0.119
0.069
0.107
0.074
0.046
0.020
0.065
0.016
0.203
0.045
0.032
0.120
0.098
0.064
0.061
0.080
0.066
0.096
0.056
0.031
0.094
0.038
nan
0.068
0.070
0.099
0.102
0.171
0.104
0.071
0.032
0.070
0.128
0.058
0.034
0.070
0.030
0.054
0.041
0.072
0.041
0.122
0.040
nan
0.093
0.080
0.070
0.209
0.073
0.170
0.050
0.068
0.034
0.034
0.211
0.039
0.040
0.064
0.068
0.097
0.030
0.110
0.129
0.022
0.086
0.149
0.083
0.181
0.049
0.176
0.181
0.044
0.109
0.111
0.046
0.033
0.075
0.018
0.057
0.074
0.165
0.104
0.110
0.048
0.056
0.054
0.024
0.064
0.127
nan
0.099
0.058
0.074
0.112
0.063
0.100
0.067
0.081
0.087
0.050
nan
0.030
0.029
0.049
0.054
0.063
0.033
nan
0.050
0.041
0.061
0.088
0.069
0.084
0.039
0.018
0.062
0.041
0.167
0.058
0.033
0.058
0.036
0.074
0.024
0.057
0.062
0.060
0.066
0.019
nan
0.056
0.079
0.107
0.091
0.148
0.036
0.118
0.069
0.096
0.062
0.094
0.033
0.060
0.184
0.037
0.206
0.053
0.099
0.082
0.048
0.041
0.034
0.102
0.047
0.066
0.035
0.080
0.053
0.138
0.096
0.033
0.023
0.030
0.070
0.111
0.043
0.193
0.043
0.056
0.032
0.050
0.034
0.037
0.069
0.059
0.051
0.102
0.160
0.058
0.056
0.159
0.065
0.064
0.038
0.166
0.027
0.053
0.105
0.078
0.132
0.033
0.049
nan
0.065
0.046
0.055
0.094
0.026
0.053
0.063
0.048
0.056
0.066
0.153
0.066
0.051
0.068
0.103
0.067
0.037
0.057
0.070
0.022
0.040
0.066
0.058
0.077
0.056
0.020
0.063
0.064
0.073
0.059
0.033
0.055
0.100
0.029
0.141
0.110
0.062
0.062
0.018
0.052
0.051
0.097
0.075
0.086
0.093
0.025
0.064
0.165
0.042
0.077
0.033
0.093
0.073
0.040
0.021
nan
nan
0.105
0.067
0.196
nan
0.036
0.044
0.095
0.093
0.066
0.026
nan
0.077
0.050
0.041
0.044
0.080
0.054
0.068
0.040
0.052
0.081
0.048
0.047
0.049
0.052
0.063
0.129
0.072
0.072
0.098
0.052
0.168
0.113
0.047
0.069
0.068
0.103
0.019
0.126
0.058
0.125
nan
0.063
0.045
0.048
0.088
0.039
0.055
0.055
0.066
0.033
0.123
0.039
0.128
0.024
0.066
0.114
0.110
0.067
0.053
0.053
0.082
0.097
0.052
0.146
0.068
0.034
0.147
0.144
0.038
0.108
0.069
0.054
0.185
0.066
0.030
0.100
0.087
0.075
0.088
0.042
0.090
0.042
0.042
0.066
0.102
0.057
0.144
0.053
0.079
0.047
0.039
0.190
0.034
0.046
0.019
0.163
0.149
0.043
0.067
0.043
0.057
0.024
0.067
0.064
0.047
nan
0.045
0.114
0.108
0.085
0.126
0.070
0.105
nan
0.065
0.089
0.067
nan
0.098
0.055
0.054
0.091
0.105
0.083
0.096
0.066
0.089
0.072
0.043
0.030
0.014
0.097
0.222
0.056
0.066
0.024
0.068
0.064
0.064
0.193
0.066
0.066
0.087
0.102
0.105
0.053
0.104
0.031
0.104
0.067
0.196
0.096
0.063
0.060
nan
0.130
0.057
0.114
0.020
0.038
0.032
0.055
0.039
0.083
0.066
0.116
0.020
0.060
0.020
nan
0.102
0.032
0.052
0.086
0.057
0.033
0.062
0.062
0.068
0.036
0.038
0.201
0.064
0.122
0.066
0.052
0.114
0.029
0.137
0.074
0.044
0.057
0.096
0.025
0.091
0.135
0.029
0.072
0.059
0.025
0.069
0.034
0.077
0.123
0.033
0.032
0.067
0.032
0.058
0.043
0.082
0.042
0.062
0.036
0.106
0.100
0.052
0.106
0.079
0.081
0.072
0.066
0.058
0.080
0.050
nan
0.103
0.125
0.047
0.078
0.029
0.015
0.057
0.118
0.025
0.078
nan
0.052
0.054
0.067
0.095
0.022
0.050
0.064
0.197
0.175
0.131
0.056
0.059
nan
0.027
0.045
0.104
0.047
0.038
0.063
0.076
0.100
0.087
0.128
0.198
0.066
0.063
0.069
0.041
0.086
0.064
0.061
0.045
0.053
0.109
0.047
0.051
0.102
0.113
0.140
0.046
0.086
0.218
0.044
0.064
0.104
0.107
0.060
0.027
0.048
0.062
0.196
0.114
0.045
0.026
0.125
0.125
0.069
0.046
0.030
0.071
0.030
0.050
0.086
0.071
nan
0.036
0.049
0.075
0.125
0.126
nan
0.025
0.054
0.108
0.036
0.031
0.072
0.039
0.041
0.098
0.030
0.103
0.056
0.094
0.073
0.039
0.053
0.035
0.069
0.162
0.072
0.108
0.061
0.039
0.042
0.074
0.032
0.089
0.048
0.081
0.067
0.074
nan
nan
0.067
0.103
0.037
0.101
0.033
0.120
nan
0.064
0.087
0.052
0.061
0.189
0.071
nan
0.050
0.068
0.212
0.042
0.141
0.110
0.027
nan
0.067
0.068
0.047
0.068
nan
0.215
0.072
0.183
0.073
0.069
0.160
0.067
0.064
0.107
0.047
0.068
0.066
0.072
0.172
0.085
0.041
0.131
nan
0.102
0.115
0.067
0.025
0.060
0.085
0.067
0.079
0.050
0.080
0.069
0.078
0.029
0.173
0.215
0.078
0.151
0.136
0.038
0.048
0.105
0.070
0.072
0.061
0.117
0.038
0.047
0.114
0.050
0.032
0.117
0.035
0.059
0.029
0.088
0.027
0.180
0.031
0.093
0.020
0.065
0.120
0.052
0.107
0.070
0.086
0.029
nan
0.065
0.067
0.068
0.063
0.057
0.047
0.047
0.044
0.064
0.121
0.024
0.169
0.099
0.017
0.048
0.135
0.102
0.047
0.081
0.025
0.067
0.070
0.046
0.048
0.105
0.071
0.055
0.070
0.057
0.037
0.018
0.068
nan
0.124
0.097
0.069
0.052
0.066
0.030
0.024
0.062
0.075
0.044
0.080
0.076
0.027
0.029
0.077
0.064
0.135
0.182
0.080
0.084
0.150
0.073
0.104
0.066
0.061
0.215
0.057
0.065
0.047
0.017
0.055
nan
0.069
0.114
0.146
0.109
0.087
0.217
0.112
0.046
0.090
0.039
0.115
0.062
0.066
0.046
0.026
0.033
0.185
0.038
0.080
0.082
nan
0.108
0.074
0.075
0.092
0.080
0.043
0.094
0.065
0.067
0.065
0.202
0.104
nan
0.022
0.051
0.062
0.158
nan
0.063
0.071
0.051
0.072
0.066
0.062
0.052
0.037
0.092
0.104
0.034
0.063
0.072
0.051
0.078
0.047
0.156
0.057
0.058
0.062
0.035
0.068
0.111
0.072
0.073
0.092
0.069
0.028
0.081
0.181
0.051
0.090
0.101
0.071
0.091
0.042
0.053
0.048
0.203
0.097
0.046
0.030
0.029
0.029
0.077
0.080
0.085
0.031
0.064
0.145
0.071
0.069
0.032
0.115
0.055
nan
0.048
0.073
0.012
0.078
0.067
0.116
0.030
0.050
0.061
0.056
0.073
0.088
0.087
0.012
0.058
0.122
0.031
0.039
0.110
0.040
0.053
0.063
0.025
0.059
0.109
0.082
0.036
0.079
0.143
0.020
0.066
0.034
0.184
0.050
0.028
0.033
0.038
0.052
0.070
0.100
0.088
0.099
0.039
0.067
0.063
0.057
0.048
0.078
0.080
0.100
0.055
0.118
0.046
0.028
0.027
0.062
0.039
0.095
0.128
nan
0.066
0.035
0.071
0.067
0.067
0.054
0.029
0.218
0.059
0.071
0.029
0.069
0.132
0.027
0.031
0.038
0.033
0.078
0.129
0.065
0.075
0.067
0.071
nan
0.123
0.052
nan
0.069
0.059
0.076
0.146
0.075
0.068
0.068
0.055
0.057
0.180
0.048
0.092
0.106
0.044
0.069
0.098
nan
0.155
0.042
0.065
0.074
0.206
0.070
0.017
0.080
0.021
nan
0.060
0.060
0.045
0.068
0.032
0.060
0.078
0.046
0.065
0.060
0.056
0.062
nan
0.077
0.041
0.062
0.071
0.195
0.056
0.107
0.060
0.082
0.119
0.095
0.068
0.060
0.047
0.048
0.086
0.063
0.054
0.114
0.032
0.086
0.044
0.069
0.044
0.084
0.037
0.084
0.113
0.030
0.065
0.110
0.094
0.065
0.065
0.050
0.040
0.079
0.111
0.036
0.048
0.110
0.090
0.062
0.041
0.063
0.115
0.069
0.066
0.070
0.111
0.028
0.098
0.032
0.159
0.054
0.124
0.058
0.069
0.086
0.038
0.073
0.053
0.097
0.063
0.049
nan
0.224
0.046
0.092
0.063
0.051
0.030
0.079
0.049
0.035
0.053
0.041
0.122
0.068
0.089
0.058
0.085
0.067
0.130
0.031
0.054
0.049
0.032
0.041
0.060
0.071
0.056
0.109
0.032
0.066
0.131
0.106
0.051
0.069
0.199
0.059
0.064
0.104
0.040
nan
0.055
0.074
0.063
0.069
0.118
0.071
0.051
0.072
0.074
0.042
0.066
0.022
0.019
0.081
0.017
0.049
0.069
0.086
0.072
0.067
nan
0.067
0.137
nan
0.034
0.066
0.121
0.093
0.042
0.109
0.050
0.054
0.071
0.127
0.128
0.149
0.044
nan
0.054
0.058
0.096
0.067
0.051
0.063
0.071
0.037
0.061
0.073
0.093
0.067
0.122
0.054
0.029
0.130
0.073
nan
0.021
0.083
0.065
0.013
0.049
0.030
0.106
0.179
0.057
0.027
0.074
0.090
0.066
0.069
0.092
0.141
0.018
0.059
0.040
0.102
0.070
0.060
0.078
0.053
0.101
0.068
0.113
nan
nan
0.075
0.080
0.066
nan
0.067
0.067
0.069
0.022
0.045
0.078
0.059
0.061
0.049
0.080
0.109
0.051
0.060
0.106
0.043
0.059
0.152
0.044
0.086
0.028
0.067
0.066
0.053
0.019
0.093
0.197
0.031
0.099
0.059
0.023
0.026
0.191
0.081
0.074
0.122
0.065
0.060
0.035
0.063
0.117
0.053
0.045
0.032
0.071
0.159
nan
0.107
0.093
0.074
0.036
0.030
0.037
0.071
0.081
0.114
0.034
0.069
0.067
0.042
0.075
0.054
0.043
0.073
0.152
0.040
0.063
0.065
0.104
0.057
0.057
0.039
0.037
0.099
0.103
0.011
0.063
0.061
0.069
0.106
0.053
0.082
0.078
0.048
0.149
0.073
0.078
0.064
0.038
0.068
0.055
0.071
0.042
0.028
0.059
0.063
0.064
0.065
0.056
0.089
0.031
0.067
0.055
0.070
0.020
0.113
0.030
0.054
0.040
0.066
0.065
0.077
0.101
0.061
0.073
0.122
0.033
0.067
0.032
0.063
nan
0.034
0.073
0.117
0.072
0.041
0.070
0.152
0.071
0.068
0.063
0.097
0.033
0.067
0.024
0.067
0.024
0.065
0.051
0.038
0.073
0.061
0.055
0.137
0.023
0.035
0.073
nan
0.127
0.033
0.061
0.171
0.129
nan
0.045
0.050
0.066
0.071
0.065
0.065
0.086
0.071
0.098
0.081
0.027
0.154
0.062
0.068
0.021
0.094
0.069
0.040
0.023
0.066
0.051
0.052
0.056
0.044
0.075
0.085
0.051
0.028
0.067
0.068
nan
0.059
0.098
0.132
0.071
0.056
0.067
0.028
0.098
nan
0.076
nan
0.037
0.056
0.065
0.060
0.067
0.063
0.021
0.068
0.050
nan
0.036
0.022
0.069
0.056
0.111
0.052
0.063
0.028
0.079
0.068
0.069
0.101
nan
0.065
0.039
0.096
0.041
0.072
0.052
0.032
0.158
0.093
nan
0.052
0.081
0.031
0.102
0.102
0.101
0.079
0.102
0.011
0.065
0.072
0.041
nan
0.072
0.033
0.085
0.091
0.065
0.071
0.080
0.068
0.064
0.065
0.064
0.055
0.189
0.044
0.047
0.072
0.111
0.024
0.083
0.066
0.076
0.091
0.147
0.074
0.074
0.037
0.015
0.056
0.070
0.073
0.069
0.096
0.100
0.060
0.047
0.033
nan
0.028
0.086
0.053
0.074
0.067
0.067
0.191
nan
0.053
0.041
0.020
nan
0.065
0.071
0.103
0.046
0.070
0.068
0.066
0.140
0.070
0.082
0.064
0.036
0.093
0.084
0.068
0.063
0.072
0.128
0.048
0.136
0.033
0.069
0.128
0.084
0.068
0.066
0.028
0.085
0.083
0.078
0.041
0.065
0.103
0.057
0.089
0.092
0.071
0.071
0.020
0.032
0.059
0.071
0.019
0.042
0.081
0.070
0.022
0.024
0.088
0.072
0.083
0.061
0.047
0.060
0.201
0.092
0.078
0.080
0.068
0.079
0.045
0.068
0.060
0.062
0.061
0.068
0.063
0.067
0.068
0.028
0.056
0.051
0.174
0.056
0.051
0.036
0.043
0.044
0.062
0.089
0.080
0.024
0.069
0.090
nan
0.055
0.063
0.135
nan
0.044
nan
0.071
0.156
0.045
0.060
0.096
0.095
0.075
0.054
0.120
0.132
0.068
nan
nan
0.031
0.105
0.036
0.051
0.028
0.067
0.103
0.046
0.066
0.057
0.083
0.033
nan
0.050
0.031
0.064
0.052
0.032
0.054
0.025
0.072
0.080
0.035
0.069
0.046
0.054
0.062
0.074
0.049
0.067
0.051
0.048
0.065
0.069
0.062
0.050
0.064
0.059
0.079
0.062
0.068
0.035
0.064
0.070
0.039
0.043
0.065
0.055
0.067
0.058
0.153
0.033
0.111
0.072
0.064
0.065
0.052
0.066
0.024
0.064
0.082
0.086
0.067
0.074
0.066
0.082
0.118
0.035
0.048
nan
0.069
0.064
0.084
0.070
0.031
0.062
0.082
0.069
0.069
0.070
0.063
0.064
0.066
0.038
0.051
0.067
0.065
0.070
0.022
0.072
0.063
0.122
0.124
0.068
0.017
0.067
nan
0.079
0.040
0.020
0.042
0.071
0.099
0.071
0.077
nan
0.112
0.050
0.107
0.042
0.114
0.068
0.046
0.087
0.059
0.073
0.070
0.109
0.050
0.067
0.066
0.069
0.066
0.058
0.068
0.090
0.072
0.062
0.046
0.122
nan
0.070
0.067
nan
0.104
0.074
0.073
0.071
0.067
0.027
0.051
0.036
0.094
0.077
0.054
0.083
0.085
0.061
0.044
0.068
0.057
0.070
0.033
0.043
0.135
0.066
0.108
nan
0.041
0.154
0.069
0.051
0.087
0.052
0.042
0.188
0.017
0.069
0.057
nan
0.070
0.047
0.064
0.070
0.060
0.148
0.102
nan
0.067
0.071
0.070
0.072
0.026
0.070
0.067
0.099
0.064
0.096
0.094
0.069
0.094
0.061
0.075
nan
0.081
0.071
0.044
0.066
0.062
0.148
0.064
0.067
0.018
0.071
0.111
0.043
0.074
0.057
0.067
0.071
0.076
0.102
0.068
0.127
0.021
0.053
0.072
0.067
0.141
0.062
0.064
0.149
0.054
0.067
0.068
0.064
0.068
0.055
0.031
0.038
0.065
0.040
0.083
0.067
0.076
0.067
0.071
0.036
0.058
0.070
0.029
nan
0.085
0.027
0.070
0.106
0.192
0.066
0.058
0.052
0.072
0.063
0.067
0.066
0.073
0.046
0.078
0.068
0.063
0.022
0.073
0.053
0.066
nan
0.068
nan
0.071
0.113
nan
0.069
0.043
0.014
0.069
0.051
0.050
0.072
0.049
0.034
0.054
0.022
0.070
0.056
0.080
0.077
0.045
0.112
0.034
0.042
0.051
0.048
0.081
0.069
0.023
nan
0.038
0.070
0.046
0.068
0.067
0.067
0.039
0.055
0.057
0.048
0.107
0.070
0.065
0.061
0.068
0.038
0.070
0.064
0.052
nan
0.109
0.057
0.075
0.070
0.065
0.074
0.067
0.052
0.066
0.078
0.059
0.072
0.034
0.029
0.042
0.068
0.065
0.065
0.050
0.068
nan
0.046
0.031
0.112
0.068
nan
0.073
0.067
nan
0.018
0.066
0.069
0.113
0.083
nan
0.070
0.035
0.025
0.086
0.047
0.033
0.035
0.085
0.063
0.065
0.031
0.071
0.038
0.029
0.151
0.035
0.069
0.098
0.071
0.016
0.108
0.105
0.069
0.071
0.069
0.033
nan
0.070
0.032
0.071
0.033
0.067
0.045
0.089
0.027
0.099
nan
0.043
0.114
0.037
0.071
nan
nan
0.069
0.043
0.096
0.059
0.064
0.072
0.066
0.081
0.037
0.065
0.065
0.085
0.108
0.054
0.060
0.069
0.076
0.064
0.067
0.066
0.068
0.076
0.047
0.060
0.062
0.094
0.036
0.068
0.163
0.033
0.071
0.065
0.056
0.065
0.080
0.053
0.069
0.052
0.044
0.074
0.089
0.054
0.039
0.082
0.033
0.071
0.068
0.069
0.071
0.069
0.069
0.045
0.095
0.075
0.076
0.049
0.055
0.065
0.039
0.029
0.048
0.071
0.049
0.069
0.064
0.054
0.066
0.062
0.067
0.036
0.067
0.062
0.058
0.082
0.037
0.071
0.046
0.057
0.071
0.070
0.058
0.051
0.069
0.038
0.086
0.034
0.104
0.062
0.023
0.072
0.053
0.069
0.071
0.199
0.070
0.046
0.085
0.070
0.068
0.064
0.063
0.074
0.059
0.098
0.072
0.083
0.069
0.049
0.114
0.066
0.072
0.067
0.058
0.028
0.066
0.047
0.106
0.024
0.055
0.127
nan
0.080
0.074
0.066
0.047
0.101
0.041
0.068
0.064
0.066
0.063
0.067
0.068
0.071
0.066
0.078
0.038
0.062
0.087
0.069
nan
0.038
0.071
0.098
0.070
0.064
0.061
0.067
0.062
0.033
0.069
0.068
0.055
0.059
0.048
0.064
0.063
0.028
0.055
0.098
0.061
0.056
0.057
0.032
0.065
0.079
0.044
0.047
0.071
0.074
0.073
0.064
0.080
0.065
0.066
0.108
0.071
0.144
0.067
0.083
0.035
0.062
0.039
0.059
0.067
0.061
0.067
0.061
0.055
0.053
0.083
0.097
0.060
0.066
0.078
0.073
0.057
0.096
0.070
0.067
0.060
0.059
0.054
0.035
0.070
0.063
0.067
0.066
0.083
0.069
0.074
0.013
0.063
0.136
0.064
0.061
0.108
0.076
0.069
0.065
0.072
0.073
0.072
0.071
0.069
0.063
0.079
0.070
0.067
0.041
0.028
0.071
0.208
0.070
0.089
0.066
0.049
0.071
0.069
0.060
0.061
0.066
0.054
0.054
0.064
0.023
0.099
0.068
0.097
0.063
0.073
0.097
0.070
0.097
0.068
0.068
0.061
0.067
0.066
0.067
0.062
0.063
0.094
0.066
0.102
0.139
0.096
nan
0.058
0.054
0.070
0.066
0.073
0.064
0.059
0.065
0.066
0.063
0.070
0.067
0.067
0.071
0.152
0.072
0.097
0.127
0.061
0.062
0.068
0.071
0.047
0.064
nan
0.071
0.058
0.070
nan
0.066
0.076
0.145
0.095
0.033
0.068
0.069
0.022
0.082
0.061
0.068
0.041
0.068
0.067
0.048
0.069
0.056
0.059
0.032
0.113
0.076
0.066
0.066
0.072
0.050
0.019
0.076
0.063
0.129
0.070
0.051
0.068
0.064
0.062
0.052
0.045
0.071
0.037
0.051
nan
0.075
0.133
0.040
0.059
0.034
0.064
0.069
0.066
0.066
nan
0.060
0.044
0.049
0.029
0.030
0.065
0.065
0.128
0.070
0.063
0.055
0.070
0.034
0.053
0.065
0.098
0.069
0.065
0.065
0.068
0.051
0.096
0.064
0.067
nan
0.074
0.031
0.057
0.108
0.085
0.071
0.073
0.084
0.048
0.070
0.038
0.066
0.054
0.059
0.068
0.053
0.069
0.073
0.076
0.096
0.054
0.048
0.069
0.074
0.101
0.038
0.067
0.013
0.066
0.072
0.154
0.065
0.069
0.057
0.067
0.036
0.016
nan
0.087
0.092
0.066
0.064
0.072
0.067
0.070
0.055
0.070
0.035
0.070
0.035
0.068
0.062
0.070
0.069
0.096
0.071
0.068
0.044
0.053
0.068
0.069
0.069
0.034
0.056
0.066
0.072
0.140
0.041
0.067
nan
0.062
0.040
0.036
0.071
0.070
0.068
0.050
0.096
0.056
nan
0.033
0.071
0.043
0.073
0.054
0.062
0.079
0.045
0.066
0.083
0.066
0.028
0.070
0.072
0.070
0.066
nan
0.047
0.037
0.062
0.060
0.065
0.070
0.038
nan
0.064
0.070
0.132
0.069
0.057
0.113
0.065
0.031
0.071
0.067
0.028
0.097
0.068
0.063
0.068
0.067
0.066
0.068
0.065
nan
0.048
0.071
0.057
0.064
0.073
0.064
0.146
0.070
0.068
0.038
0.062
0.071
0.025
0.105
0.052
0.065
0.055
0.036
0.055
0.031
0.082
0.043
0.070
0.067
0.072
0.080
0.068
0.062
0.023
0.033
0.067
0.067
0.062
0.077
0.053
0.062
0.066
0.061
0.064
0.064
0.043
nan
0.069
0.064
0.071
0.073
0.086
0.072
0.090
0.092
0.071
0.052
0.053
0.023
0.070
0.072
0.047
0.074
0.047
0.077
0.065
0.070
0.061
0.072
0.072
0.066
0.091
0.069
0.062
0.063
0.069
0.056
0.085
0.020
nan
0.067
0.056
0.085
0.076
0.083
0.068
0.064
0.072
0.062
0.066
0.069
0.067
0.074
0.040
0.165
0.072
0.065
0.066
0.067
0.072
0.037
0.066
0.074
0.070
0.068
0.058
0.065
0.067
0.070
0.059
0.065
0.070
0.061
0.031
0.068
0.047
0.065
0.060
0.069
0.062
0.090
nan
0.086
0.094
0.068
0.068
0.069
0.056
0.068
0.020
0.103
0.065
0.051
0.091
0.039
0.082
0.062
0.042
0.072
0.065
0.096
0.065
0.097
0.031
0.078
0.060
0.065
0.058
0.069
0.135
0.076
0.057
0.065
0.073
0.070
0.067
0.063
0.063
0.056
0.098
0.080
0.071
0.066
0.070
nan
0.059
0.037
0.036
0.120
0.101
0.139
0.050
0.060
0.072
0.046
0.030
0.018
0.066
nan
0.048
0.066
0.070
0.068
0.081
0.067
0.040
0.073
0.072
0.071
0.065
0.062
0.039
0.061
0.041
0.058
0.068
0.070
0.068
0.042
0.070
0.087
0.069
0.065
0.113
0.060
0.072
0.043
0.056
0.046
0.023
0.063
0.110
0.070
0.066
0.064
0.075
0.083
0.095
0.072
nan
0.071
0.069
0.052
0.073
0.042
nan
0.036
0.062
0.069
0.056
0.062
0.032
0.059
0.067
0.094
0.030
nan
0.074
0.107
0.064
0.064
0.081
0.067
0.071
nan
0.023
0.079
0.065
0.070
0.067
0.069
0.081
nan
0.072
0.070
0.067
0.067
0.044
0.121
0.068
0.046
0.053
0.042
0.069
0.068
0.050
0.069
0.072
0.079
0.076
0.078
0.098
0.071
0.102
0.134
0.070
nan
0.073
0.083
0.052
0.067
0.132
0.067
0.094
0.070
0.068
0.075
0.053
0.066
0.072
0.039
0.058
0.069
0.040
nan
0.014
0.070
0.060
nan
0.035
0.067
0.059
0.062
0.066
0.034
0.064
0.076
0.061
0.066
nan
0.066
0.030
0.064
nan
0.075
0.113
0.104
0.064
0.067
0.088
0.066
0.059
0.067
0.061
0.068
0.103
0.071
0.065
0.064
0.074
0.064
0.065
0.123
0.064
0.059
0.066
0.066
0.072
0.050
0.045
nan
0.071
0.040
0.067
0.066
0.067
0.050
0.055
0.071
0.077
0.070
0.023
0.041
0.063
0.041
0.047
0.041
0.065
0.068
0.038
0.074
0.069
0.066
0.032
0.047
0.032
0.052
0.071
0.066
0.037
0.064
0.104
0.071
0.031
0.067
0.068
0.059
0.085
0.120
0.069
0.068
0.069
0.062
0.066
0.087
nan
0.038
0.073
0.069
0.067
0.042
0.069
0.067
0.066
0.069
0.074
nan
0.070
0.063
0.061
0.064
0.069
0.094
0.068
0.071
0.035
0.060
0.069
0.076
0.068
0.068
0.030
0.068
0.062
0.069
0.054
nan
0.072
0.072
0.066
0.069
0.070
0.103
0.051
0.067
0.055
0.038
0.030
nan
0.071
0.067
0.059
0.103
nan
0.085
0.068
0.066
0.021
0.070
0.068
0.064
0.072
0.067
0.079
0.072
0.053
nan
0.049
0.042
0.074
0.068
0.065
0.079
0.069
0.070
0.053
0.069
0.064
0.026
0.070
0.071
0.073
0.065
0.066
0.064
0.063
0.040
0.072
0.068
0.059
0.068
0.056
0.065
0.086
0.039
0.133
0.090
0.058
0.070
0.073
0.067
0.072
0.065
0.046
0.146
0.066
0.067
0.042
0.069
0.067
0.069
0.047
0.066
0.079
0.064
0.124
0.066
0.018
0.075
0.063
0.068
0.083
0.061
0.057
0.072
0.065
0.066
0.068
0.070
0.083
0.065
0.067
0.082
0.061
0.043
0.072
0.067
0.052
0.067
0.110
0.067
0.069
0.059
0.061
0.064
0.082
0.066
0.073
0.065
0.097
0.073
0.077
0.063
0.049
0.088
0.055
0.076
0.071
0.097
0.062
0.068
0.065
0.066
nan
0.063
0.071
0.070
0.072
0.074
0.070
0.036
0.040
0.080
0.108
0.071
0.064
0.070
0.066
0.065
0.078
0.067
0.083
0.071
0.059
nan
0.058
0.068
0.038
0.086
0.068
0.072
0.066
0.052
0.061
0.062
0.032
0.063
0.040
0.055
0.064
0.071
0.032
nan
0.068
0.071
0.062
0.058
0.046
0.063
0.064
0.070
0.051
0.066
0.072
0.055
0.063
0.067
0.071
0.058
0.098
0.071
0.031
0.037
0.065
0.066
0.112
0.029
0.039
0.067
0.060
0.066
0.016
0.058
nan
0.083
0.074
0.070
0.043
0.070
0.067
0.061
0.082
0.068
0.068
0.053
0.067
0.052
0.067
0.067
0.065
0.066
0.063
0.070
0.069
0.049
0.065
0.048
0.058
0.037
0.021
0.068
0.063
0.067
0.066
0.042
0.080
0.037
0.066
0.046
0.065
0.048
0.067
0.049
0.043
0.069
0.060
0.061
0.121
0.061
0.160
0.088
0.072
0.063
0.098
0.082
0.060
0.041
0.066
0.052
0.072
0.069
0.041
0.031
0.064
0.059
0.054
0.099
0.069
0.107
0.068
0.066
0.059
0.069
0.067
0.071
0.069
0.039
0.092
0.072
0.069
0.071
0.063
0.033
0.072
0.080
0.127
0.060
0.064
0.030
0.068
0.071
0.069
0.080
0.069
0.055
0.073
0.082
0.038
0.042
0.081
0.045
0.081
0.069
0.086
nan
0.072
0.036
0.062
0.067
0.059
0.064
0.072
0.070
0.068
0.023
0.078
0.069
0.072
0.039
0.072
0.066
0.066
0.070
0.092
0.067
0.044
0.074
0.078
0.110
0.058
0.054
0.063
0.080
0.078
0.047
0.030
0.072
0.068
0.071
nan
0.069
0.070
0.051
0.089
0.063
0.065
0.058
0.053
0.042
0.068
0.055
0.070
0.089
0.057
0.065
0.087
0.083
0.068
0.092
0.066
0.046
0.067
0.057
0.063
0.066
0.065
0.067
0.035
0.062
0.079
0.060
0.062
0.058
0.043
0.091
0.073
0.073
0.072
0.069
0.071
0.048
0.019
0.073
0.071
0.070
0.073
0.062
0.071
0.067
0.082
0.099
0.068
0.073
0.087
0.060
0.067
0.069
0.062
0.068
0.068
0.048
0.044
0.071
0.067
0.072
0.048
0.024
0.044
0.045
0.052
0.071
0.069
0.069
0.067
0.132
0.065
0.064
0.015
0.036
0.067
0.068
0.072
0.066
0.073
0.065
0.070
0.066
0.066
0.073
nan
0.053
0.112
0.074
0.061
0.073
0.069
0.068
0.066
0.077
0.036
0.071
0.040
0.060
0.061
0.061
0.104
0.156
0.066
nan
0.063
0.065
0.063
0.058
0.073
0.068
0.072
0.070
0.044
0.070
nan
0.097
0.058
0.068
0.066
0.042
0.069
0.079
0.064
0.043
0.082
0.047
0.069
0.055
0.117
0.095
nan
0.062
0.098
0.067
0.070
0.068
0.020
0.070
0.057
0.066
0.068
0.070
0.042
0.054
0.088
0.062
0.071
0.043
nan
0.027
0.070
0.056
0.095
0.064
0.083
0.068
0.070
0.070
0.088
0.101
0.065
0.062
0.065
0.023
0.065
0.068
0.129
0.069
0.063
0.033
0.063
0.052
0.060
0.073
0.046
0.069
0.069
0.069
0.072
0.125
0.064
0.073
0.063
nan
0.064
nan
0.082
0.069
nan
0.057
0.067
0.069
0.073
0.067
0.066
0.069
0.072
0.066
0.070
0.048
0.064
0.066
0.065
0.069
0.047
0.073
0.071
0.041
0.084
0.062
nan
0.069
0.053
0.068
0.059
nan
0.068
0.073
0.065
0.067
0.063
0.078
0.077
0.075
0.041
0.066
0.078
0.079
0.063
0.065
0.059
0.068
0.068
0.066
0.062
0.070
0.071
0.049
nan
0.058
0.036
0.074
0.070
0.089
0.022
0.119
0.071
0.062
0.072
0.078
0.049
0.068
0.065
0.068
0.070
0.072
0.070
0.072
0.093
0.070
0.095
0.067
0.069
0.060
0.100
0.091
0.040
0.072
0.068
0.042
0.049
0.065
0.070
0.034
0.067
0.054
0.068
0.045
0.069
0.090
0.083
0.058
0.080
0.069
0.068
0.063
0.067
0.102
0.066
0.044
0.064
0.081
0.070
0.025
0.072
0.066
0.073
0.098
0.079
0.070
0.070
0.069
0.094
0.055
0.072
0.059
0.071
nan
0.077
0.063
0.070
0.072
0.063
nan
0.068
0.072
0.073
0.072
0.058
0.067
0.071
0.067
0.073
0.082
0.072
0.069
0.071
0.078
0.032
0.090
0.068
0.057
0.070
nan
0.076
nan
0.039
0.103
0.076
0.065
0.032
0.070
0.018
0.076
0.010
0.070
0.086
0.066
0.098
0.062
0.072
0.041
0.058
0.071
0.063
0.070
0.081
0.029
0.069
0.068
0.101
0.072
0.071
0.056
0.071
0.066
0.075
0.113
0.043
0.073
0.057
0.061
0.057
0.061
0.044
nan
0.132
0.066
0.041
0.095
0.068
0.074
0.030
0.062
0.065
0.052
0.060
0.132
0.051
0.070
0.068
0.076
0.068
0.013
0.067
0.086
0.073
0.055
0.069
0.061
0.069
0.059
0.050
0.066
0.063
0.069
0.016
0.069
0.075
0.068
0.063
0.063
0.083
nan
0.068
0.069
0.060
0.064
0.061
0.045
0.072
0.044
0.081
0.071
0.064
0.070
0.069
0.049
0.091
0.073
0.072
0.050
0.057
0.062
0.067
0.051
0.067
0.070
0.046
0.071
0.068
0.064
0.067
0.151
0.128
0.023
0.063
0.084
0.062
0.044
0.027
0.068
0.070
0.065
0.072
0.069
0.070
0.071
0.069
0.095
0.066
0.117
0.132
0.073
0.097
0.048
0.069
0.066
0.065
0.062
0.076
0.070
0.018
0.064
0.071
0.030
0.076
0.083
0.058
0.068
0.069
0.069
0.063
0.067
0.026
nan
0.071
0.078
0.067
nan
0.073
0.063
0.058
0.041
0.158
0.071
0.057
0.073
0.037
0.072
0.069
0.074
0.073
0.063
0.041
0.070
0.063
0.064
0.068
0.082
0.064
0.069
0.031
0.045
0.056
0.065
0.036
0.057
0.098
nan
0.080
0.068
0.064
0.067
0.069
0.070
0.050
0.066
0.068
0.070
0.069
0.069
0.063
0.067
0.062
0.072
0.068
0.069
0.066
0.067
0.040
0.040
0.069
0.072
0.127
0.123
0.081
0.046
0.062
0.060
0.069
0.124
0.068
0.073
0.065
0.063
0.072
0.070
0.070
0.079
0.070
0.026
0.052
0.070
0.051
0.065
0.052
0.106
0.069
0.077
0.046
0.070
0.087
0.056
0.083
0.070
0.071
0.065
0.065
0.073
0.070
0.068
0.040
0.056
0.057
0.070
0.067
0.062
0.026
0.054
0.070
0.067
0.080
0.063
0.069
0.073
0.071
0.068
0.073
0.067
0.073
0.050
0.074
0.061
0.041
0.044
0.065
0.065
0.059
0.063
0.065
0.094
0.067
0.060
0.082
0.069
0.055
0.068
0.066
0.062
0.035
0.066
0.065
0.069
0.064
0.102
0.073
0.067
0.094
0.035
0.070
0.071
0.058
0.078
0.065
0.053
0.063
0.066
0.044
0.068
0.023
nan
nan
0.074
0.107
0.060
0.063
0.058
0.070
0.098
0.066
0.054
0.038
0.085
0.064
0.072
0.068
0.069
0.068
0.066
0.071
0.061
0.085
0.070
0.068
0.068
nan
0.069
0.064
0.054
0.067
0.070
0.072
0.084
0.075
0.081
nan
0.071
0.056
0.067
0.062
0.078
0.070
0.067
0.070
0.065
0.040
0.067
0.053
0.070
0.026
0.071
0.067
0.064
0.066
0.078
0.052
0.063
0.058
0.066
0.024
0.067
0.059
0.071
0.069
0.037
0.106
0.059
0.083
0.068
0.065
0.081
0.072
0.066
0.069
0.072
0.063
0.069
0.038
0.049
0.070
0.038
0.068
0.069
0.069
0.070
0.048
0.072
0.070
0.057
0.050
0.067
0.069
0.061
0.105
0.071
0.053
0.073
0.066
0.106
0.062
nan
0.067
0.079
0.091
0.101
0.052
nan
0.055
0.083
0.087
0.068
0.071
0.029
0.059
0.076
0.046
0.064
0.066
0.065
0.070
0.066
0.062
0.090
0.065
0.050
0.057
0.072
0.068
0.066
0.067
0.045
0.066
0.059
0.066
0.068
0.069
0.067
0.022
0.072
0.071
0.073
0.105
0.062
0.059
0.062
0.067
0.064
0.061
0.071
0.058
0.074
0.069
0.065
0.069
0.075
0.069
0.053
0.133
0.066
0.062
0.062
0.145
0.152
0.110
0.067
0.069
0.061
0.051
0.061
0.065
0.064
0.047
0.068
0.053
0.069
0.044
0.066
0.105
0.086
0.056
0.072
0.061
0.050
0.066
0.058
0.068
0.064
0.068
0.070
0.065
0.072
0.078
0.067
0.069
0.066
0.071
0.068
0.064
0.066
0.067
0.071
0.061
0.086
0.066
0.062
0.061
0.064
0.080
0.073
0.065
0.040
0.062
0.060
0.092
0.065
0.064
0.064
0.077
0.014
0.065
0.067
0.066
0.063
0.048
0.059
0.072
0.070
0.062
0.068
0.040
0.099
0.071
0.077
0.028
0.069
0.017
0.056
0.066
0.063
0.070
0.068
0.038
0.062
0.045
0.068
0.070
0.068
0.074
0.071
0.100
0.080
0.066
0.070
0.065
0.068
0.052
0.041
nan
0.045
0.051
0.072
0.064
0.066
0.061
0.047
0.075
0.069
0.046
0.066
0.040
0.062
0.068
0.070
0.073
0.061
0.067
0.072
0.066
0.066
0.073
0.066
nan
0.064
0.069
0.061
0.034
0.069
nan
0.065
0.072
nan
0.066
0.067
0.053
0.058
0.071
0.071
0.061
0.091
0.066
0.026
0.048
0.027
0.064
0.058
0.064
0.056
0.064
0.043
0.068
0.068
0.065
0.045
0.069
0.016
0.063
0.071
0.023
0.072
0.063
0.069
0.065
0.091
nan
0.068
0.069
0.080
0.069
0.069
0.066
0.052
0.064
0.163
0.056
0.080
0.074
0.072
0.062
nan
0.066
nan
0.065
0.069
0.067
0.055
0.067
0.070
0.072
0.069
0.058
0.066
0.075
0.067
0.086
0.055
0.068
0.060
0.072
0.071
0.060
0.094
0.140
0.063
0.038
0.071
0.061
0.027
0.070
0.067
0.077
0.043
0.046
0.069
0.076
0.071
0.069
0.050
0.054
0.076
0.066
0.049
0.069
0.013
0.130
0.070
0.112
0.033
0.069
0.065
0.067
0.099
0.011
0.079
0.063
0.074
0.129
0.069
0.046
0.046
0.045
0.071
0.047
0.059
0.053
0.031
0.064
0.051
0.065
0.069
0.067
0.071
0.080
0.072
0.070
0.092
0.071
0.064
0.063
0.064
0.064
0.062
0.069
nan
0.070
0.067
0.063
0.068
0.063
0.069
0.090
0.068
0.067
0.067
0.061
0.070
0.069
0.040
0.069
0.040
0.067
0.072
0.077
0.083
0.067
0.066
0.073
0.045
0.029
0.066
0.056
0.076
0.077
0.069
0.070
0.073
0.068
0.047
0.066
0.070
0.130
0.070
0.071
0.054
0.071
0.063
0.073
0.072
0.069
0.070
0.069
0.021
0.068
0.068
0.078
0.081
0.024
0.038
0.049
0.071
0.070
0.073
0.073
0.068
0.070
0.068
0.069
0.070
0.053
0.066
0.072
0.047
0.082
0.065
0.082
0.068
0.070
0.077
0.070
nan
0.068
0.053
0.078
0.067
0.042
0.051
0.069
0.055
0.068
0.055
0.069
0.065
0.072
0.081
0.082
0.072
0.053
0.063
0.065
0.073
nan
0.066
0.069
0.095
0.069
0.056
0.069
0.072
0.081
0.022
0.026
0.070
0.029
0.069
0.068
0.064
0.054
0.070
0.068
0.072
0.069
0.070
0.089
0.069
0.069
0.065
0.071
0.091
0.073
0.049
0.070
0.041
0.068
0.058
0.013
nan
0.080
0.069
0.092
0.067
0.066
0.065
0.065
0.155
0.068
0.070
0.066
0.145
0.069
0.071
0.056
0.033
0.068
0.073
0.009
0.069
0.077
0.073
0.070
0.069
0.062
0.051
0.042
0.061
nan
0.066
0.073
0.068
0.068
0.071
0.071
0.067
0.121
0.062
0.057
0.045
0.132
0.061
0.050
0.063
0.070
0.079
0.045
0.059
0.070
0.054
0.055
0.065
0.045
0.065
0.081
0.102
0.060
0.073
0.078
0.072
0.029
0.064
0.059
0.066
0.053
0.023
0.070
0.071
0.069
0.105
0.084
0.071
0.043
0.034
0.051
0.064
0.071
0.074
0.135
0.065
0.017
0.050
0.068
0.059
0.060
0.067
0.134
0.062
0.065
0.035
0.059
0.067
0.056
0.040
0.062
0.028
0.056
0.062
0.045
0.056
0.063
0.070
0.070
0.070
0.050
0.069
0.068
0.067
0.068
0.053
0.069
0.036
0.082
0.055
0.048
0.063
0.063
0.045
0.057
0.063
0.065
0.053
0.069
0.063
0.076
0.061
0.064
0.076
0.051
0.055
0.064
0.051
0.072
0.069
0.056
0.055
0.071
0.056
0.060
0.065
0.066
0.065
0.049
nan
0.071
0.129
0.067
0.068
0.064
0.108
0.060
0.071
0.081
0.060
0.059
0.073
0.059
0.034
0.066
0.042
0.064
0.032
0.050
0.063
0.048
0.047
0.070
0.117
0.081
0.070
0.031
0.053
0.067
0.080
0.066
0.056
0.056
0.053
0.080
0.114
0.062
0.069
0.036
0.069
0.068
0.044
0.064
nan
0.065
0.036
0.052
0.068
0.071
0.060
0.070
0.052
0.053
0.056
0.067
0.064
0.040
0.067
0.071
0.077
0.067
0.038
0.037
0.040
0.064
0.069
0.066
0.069
0.068
0.066
0.063
0.065
0.071
0.058
0.062
0.055
0.042
0.033
0.075
0.037
0.070
0.069
0.057
0.065
0.084
0.068
0.070
0.065
0.051
0.068
0.070
0.071
0.065
0.070
0.058
0.058
0.059
0.026
0.067
0.053
0.065
0.048
0.074
0.052
0.071
0.070
0.054
0.055
0.068
0.044
0.070
0.069
0.096
0.069
0.065
0.060
0.071
0.063
0.070
0.050
0.069
0.029
0.037
0.084
0.089
0.069
0.070
0.055
0.058
0.070
0.053
0.048
0.071
0.067
0.069
nan
0.022
0.066
0.052
0.073
0.075
0.089
0.048
0.061
0.063
0.096
0.032
0.058
0.069
nan
0.051
0.071
0.064
0.078
0.058
0.055
0.069
0.100
0.068
0.069
0.068
0.052
0.072
0.028
0.067
0.076
0.046
0.071
0.057
0.057
0.063
0.053
0.067
0.048
0.068
0.083
0.091
0.105
nan
0.064
0.047
0.054
0.063
0.069
0.046
0.063
0.086
0.050
0.069
0.069
0.024
0.042
0.055
0.070
0.044
0.124
0.065
0.024
0.069
nan
0.066
0.077
0.064
0.069
0.049
nan
0.053
0.065
0.065
0.018
0.071
0.087
0.066
0.081
0.066
0.084
0.024
0.008
0.061
0.072
0.046
0.067
0.064
0.091
0.019
0.063
0.047
0.065
0.063
0.061
0.058
0.055
0.071
nan
0.070
0.073
0.077
0.069
0.069
0.060
0.068
0.081
0.069
0.069
0.063
0.037
0.067
0.078
0.065
0.057
0.054
0.062
0.072
0.079
0.061
0.055
0.062
0.057
0.063
0.070
0.067
nan
0.075
0.070
0.048
0.089
0.066
0.074
0.070
0.068
0.069
0.052
0.068
0.069
0.067
0.065
0.069
0.089
0.103
0.087
0.037
0.066
0.067
0.063
0.065
0.075
0.052
0.064
0.061
0.085
0.017
0.064
0.065
0.019
0.089
0.081
0.050
0.071
0.068
0.069
0.048
0.048
0.123
0.068
0.090
0.067
0.062
0.051
0.066
0.069
0.068
0.063
0.070
0.065
nan
0.068
0.059
0.070
0.072
0.056
0.055
0.064
0.060
0.069
0.051
0.070
0.062
0.074
0.069
0.068
0.019
0.066
0.070
0.070
0.070
0.074
0.082
0.060
0.073
0.073
0.068
0.081
0.080
0.068
0.043
0.065
0.071
0.068
0.068
0.068
0.065
0.064
0.066
0.066
0.055
0.066
0.071
0.067
0.061
0.071
0.078
0.070
nan
0.063
0.063
0.071
0.067
0.066
0.053
0.072
0.065
0.066
0.068
0.054
0.079
0.062
0.031
0.046
0.065
0.068
0.073
0.088
0.067
0.070
0.059
0.071
0.085
0.058
0.070
0.049
0.104
0.065
0.064
0.068
0.071
0.070
0.054
0.071
0.066
0.069
0.061
nan
0.067
0.072
0.065
0.070
0.068
0.091
0.061
0.070
0.067
0.045
0.069
0.062
0.069
0.064
0.070
0.068
0.059
0.072
0.071
0.052
0.072
0.053
0.064
0.069
0.062
0.042
0.032
0.069
0.069
0.060
0.022
0.067
0.050
0.065
0.065
0.048
0.068
0.081
0.061
0.066
0.070
0.057
0.062
0.047
0.062
0.045
0.069
0.038
0.061
0.081
0.068
0.054
0.070
0.097
0.056
0.048
0.068
0.062
0.070
0.072
nan
0.056
0.067
0.049
0.082
nan
0.059
0.047
0.082
0.063
0.089
0.025
0.058
0.071
0.049
0.081
0.068
0.043
0.060
0.071
nan
0.071
0.050
0.071
0.066
0.070
0.069
0.069
0.086
0.057
0.059
0.069
0.057
0.070
0.070
0.069
0.065
0.066
nan
0.072
0.068
0.047
0.066
0.071
0.088
0.054
0.062
0.059
0.058
0.057
0.059
0.066
0.065
0.070
0.045
0.067
0.065
0.067
0.093
0.061
0.069
0.088
0.060
0.104
0.058
0.070
0.056
0.068
0.074
0.110
0.044
0.054
0.053
0.065
0.067
0.075
0.070
0.040
0.081
0.057
0.070
0.055
0.069
0.049
0.105
0.068
0.072
0.063
0.070
0.058
0.044
0.068
0.068
0.070
0.069
nan
0.083
0.049
0.063
0.062
0.030
0.068
0.052
0.063
0.067
0.081
0.043
0.063
0.054
0.056
0.065
0.069
0.072
0.048
0.068
0.035
0.052
0.035
0.064
0.063
0.051
0.083
0.028
0.067
0.068
0.052
0.066
0.054
0.046
0.042
0.088
0.067
0.066
0.082
0.049
0.062
0.030
0.069
0.083
0.087
0.060
0.049
0.047
0.069
0.149
nan
0.040
0.073
0.062
0.083
0.043
0.091
0.098
0.068
0.081
0.068
0.059
0.068
0.062
0.051
0.071
0.060
0.072
0.083
0.060
0.069
0.066
0.078
0.070
0.066
0.082
0.060
0.105
0.080
0.068
0.073
0.065
0.070
0.072
0.041
0.068
0.058
0.068
0.121
0.058
0.069
0.080
0.049
0.073
0.067
0.071
0.022
0.059
0.064
0.070
0.055
0.039
nan
nan
0.065
0.085
0.056
0.070
0.041
0.060
0.072
0.103
0.072
0.064
0.074
0.067
0.064
0.053
0.068
0.028
0.048
0.051
0.074
0.065
0.074
nan
0.089
0.065
0.012
0.070
0.071
0.075
0.063
0.068
0.058
0.073
nan
0.070
0.065
0.066
0.082
0.063
0.082
0.069
0.050
0.081
0.082
0.069
0.007
0.049
0.063
0.069
0.057
0.058
0.065
0.066
0.074
0.054
0.050
0.070
0.059
0.065
0.074
0.070
0.080
0.074
0.063
0.088
0.069
0.068
0.078
0.093
0.054
0.075
0.070
0.046
0.123
0.072
0.066
0.080
0.070
0.048
0.062
0.072
0.078
0.069
0.064
0.064
0.067
0.047
0.069
0.069
0.087
0.054
0.046
0.072
0.047
0.072
0.053
0.071
0.066
0.063
0.060
0.067
0.063
0.069
0.070
0.094
0.068
0.069
0.034
0.066
0.062
0.053
0.077
0.076
0.069
0.088
0.095
0.056
0.060
0.065
0.081
0.072
0.069
0.067
0.066
0.091
0.065
0.052
0.080
0.069
0.069
nan
0.065
0.078
0.066
0.066
0.067
0.022
0.068
0.064
0.054
0.069
0.051
0.081
0.071
0.048
0.035
0.066
0.069
0.080
0.070
0.049
0.086
0.016
0.068
0.062
0.053
0.076
0.059
0.050
0.068
0.066
0.052
0.048
0.086
0.056
nan
0.030
0.086
0.098
0.084
0.060
0.060
0.066
0.098
0.046
0.068
0.050
0.051
0.085
0.067
0.058
0.068
0.081
0.049
0.068
0.069
nan
0.057
0.053
0.070
0.101
0.069
0.079
0.073
0.068
0.045
0.052
0.068
0.065
0.054
0.063
0.078
0.063
0.138
0.082
0.029
0.077
0.070
0.059
0.067
0.062
0.016
0.067
0.064
0.052
0.068
0.060
0.049
0.066
0.085
0.070
0.069
0.033
0.081
0.061
0.051
0.063
0.076
0.055
0.054
0.057
0.033
0.081
0.068
0.062
0.046
0.069
0.080
0.088
0.084
0.060
0.071
0.079
0.086
0.060
0.034
0.084
0.068
0.057
0.070
0.055
0.027
0.023
0.065
0.044
0.067
0.066
nan
0.054
0.155
0.071
0.054
0.081
0.069
0.070
0.063
0.042
0.073
0.071
0.068
0.070
0.062
0.085
0.069
0.094
0.069
0.053
0.081
0.073
0.080
0.087
0.070
0.068
0.080
0.047
0.063
0.061
0.054
0.025
0.065
0.049
0.067
0.067
0.075
0.068
0.066
0.060
0.062
0.061
0.061
0.061
0.053
0.055
0.069
0.049
0.066
0.053
0.067
0.066
0.138
0.059
0.069
0.055
0.069
0.066
0.042
0.070
0.101
0.070
0.089
0.053
0.085
0.069
nan
0.068
0.032
0.048
0.062
0.066
0.063
0.065
0.065
0.067
0.066
0.071
0.048
0.051
0.069
0.058
0.053
0.099
0.057
0.069
0.072
0.063
0.059
0.107
0.044
0.043
0.144
0.056
0.046
0.154
0.068
0.068
0.066
0.070
0.071
0.069
0.070
0.125
0.052
0.068
0.070
0.087
0.066
0.037
0.071
0.053
0.085
0.100
0.064
0.063
0.050
0.045
0.071
0.012
0.071
0.071
0.069
0.021
0.061
0.070
0.069
0.058
0.065
0.077
0.054
0.066
0.070
0.088
0.062
0.071
0.059
0.071
0.121
0.063
0.061
0.060
0.074
0.060
0.057
0.067
0.064
0.071
0.055
0.066
0.064
0.085
0.069
0.150
0.066
0.057
0.068
0.072
0.071
0.073
0.071
0.050
0.069
0.051
0.043
0.063
0.053
0.053
0.063
0.083
0.078
0.089
0.142
nan
0.081
0.054
0.070
0.024
0.069
0.071
0.067
0.046
0.068
0.068
0.064
0.065
0.046
0.068
0.052
0.089
0.047
0.061
0.064
0.057
0.064
0.066
0.082
0.068
0.065
0.030
0.069
0.071
0.067
0.089
0.062
0.065
0.082
0.072
0.077
0.067
0.054
0.035
0.048
0.101
0.093
0.059
0.093
0.068
0.020
0.109
0.084
0.064
0.068
0.109
0.050
0.069
0.053
0.114
0.052
0.090
0.123
0.060
0.068
0.068
0.071
0.080
0.082
0.050
0.082
0.072
0.082
0.067
0.051
0.064
0.068
0.028
0.062
0.081
0.069
0.028
0.068
0.050
0.069
0.070
0.069
0.070
0.081
0.069
0.083
0.091
0.058
0.062
0.054
0.114
0.069
0.128
0.071
0.063
0.084
0.066
0.062
0.062
0.069
0.070
0.042
0.067
0.081
0.076
0.069
0.071
0.054
0.027
0.070
0.051
0.066
0.062
0.060
0.067
0.052
0.051
nan
0.069
0.055
0.054
0.067
0.055
0.071
nan
0.065
0.063
0.069
0.081
0.101
0.122
0.067
0.061
0.085
0.039
0.059
0.057
0.065
0.078
0.059
0.093
0.076
0.054
0.064
0.066
0.078
0.045
0.054
0.055
0.085
0.059
0.065
0.082
0.095
0.071
nan
0.094
0.061
0.060
0.068
0.084
0.068
0.088
0.082
0.072
0.071
0.045
0.067
0.063
0.068
nan
0.068
0.102
0.073
0.063
0.050
0.066
0.048
0.072
0.052
0.064
0.082
0.057
0.066
0.082
0.069
0.069
0.068
0.069
0.084
0.060
0.052
nan
0.068
0.089
0.057
0.072
0.072
0.028
0.063
0.067
0.056
0.070
0.061
0.068
0.059
0.059
0.076
0.056
0.057
0.068
0.095
0.078
0.075
0.065
nan
0.084
0.101
0.070
0.069
0.066
0.098
0.062
0.055
0.044
0.089
0.081
0.092
0.103
0.070
0.066
0.082
0.053
0.049
0.115
0.074
0.070
0.081
0.057
0.070
0.055
0.010
0.078
0.088
0.061
0.088
0.072
0.074
0.054
0.064
0.070
0.065
0.062
0.082
0.048
0.075
0.066
0.050
0.060
0.020
0.028
0.083
0.117
0.074
0.069
0.062
0.066
0.051
0.078
0.026
0.081
0.070
0.048
0.079
0.069
0.083
0.093
0.068
0.053
0.028
0.061
0.068
0.081
0.055
0.067
0.058
0.032
0.056
0.070
0.036
nan
0.063
0.045
0.085
0.058
0.063
0.067
0.061
0.074
0.094
0.044
0.060
0.072
0.066
0.093
0.097
0.072
0.085
0.059
0.082
0.078
0.059
0.068
0.070
0.052
0.054
0.070
0.071
0.062
0.060
0.061
0.056
0.064
0.067
0.071
0.087
0.061
0.082
0.070
0.063
0.056
0.056
0.064
0.108
nan
0.052
0.070
0.063
0.070
nan
0.105
0.069
0.010
0.061
nan
0.076
0.083
0.053
nan
0.038
0.063
0.052
0.062
0.064
0.123
0.092
nan
0.063
0.064
0.063
0.083
0.055
0.058
0.069
0.051
0.112
0.053
0.070
0.061
0.049
0.070
0.066
0.032
0.067
0.065
nan
0.070
0.076
0.069
0.092
0.049
0.069
0.069
0.057
0.070
0.052
0.069
0.052
0.069
0.078
nan
0.063
0.080
0.079
0.069
0.069
0.083
0.055
0.062
0.053
0.071
0.061
0.067
0.054
0.068
0.057
0.067
0.065
0.070
0.054
0.065
0.049
0.066
0.067
0.068
0.080
0.070
0.055
0.071
0.087
0.053
0.073
0.081
0.083
0.077
0.112
0.064
0.056
0.085
0.056
0.059
0.083
0.067
0.062
0.073
0.066
0.069
0.063
0.069
0.073
0.063
0.050
0.071
0.082
0.141
0.049
0.085
0.080
0.069
0.071
0.083
0.082
0.067
0.039
0.067
0.025
0.078
0.065
0.058
0.077
0.068
0.067
0.051
0.145
0.052
0.082
0.067
0.058
0.069
0.069
0.009
0.057
0.082
0.051
0.063
0.066
0.072
0.073
0.055
0.083
0.088
0.020
0.069
0.051
0.022
0.065
0.057
0.039
0.068
0.029
0.058
nan
0.078
0.056
0.086
0.067
0.069
0.070
0.072
0.064
0.073
0.052
0.067
0.060
0.070
0.033
0.069
0.071
0.116
0.023
0.072
0.092
0.082
0.058
0.062
0.109
0.075
0.060
0.050
0.071
0.069
0.080
0.071
0.086
0.071
0.071
0.057
0.075
0.070
0.078
0.077
0.045
0.075
0.065
0.059
0.073
0.057
0.083
0.067
0.060
0.078
0.062
0.060
0.056
0.084
0.072
0.053
0.086
0.111
0.069
0.062
0.068
0.068
0.051
0.055
0.070
0.048
0.070
0.071
0.049
0.067
0.107
0.058
0.056
0.064
0.053
0.055
0.052
0.067
0.073
0.069
0.100
0.092
0.055
0.104
0.076
0.070
0.054
0.059
0.097
0.051
0.062
0.068
0.090
nan
0.066
0.064
0.031
0.052
0.064
0.052
0.056
nan
0.094
0.068
0.069
0.073
0.117
0.067
0.056
0.084
0.062
0.081
0.083
0.073
0.079
0.069
0.057
0.062
0.071
0.074
0.091
0.050
0.082
0.056
0.072
0.064
0.073
0.069
nan
0.059
0.076
0.068
0.082
0.074
0.067
0.057
0.087
0.052
0.096
0.064
0.063
0.075
0.083
0.054
0.070
0.141
0.057
0.070
0.061
0.063
0.092
nan
0.085
0.126
0.082
0.064
0.110
0.084
0.060
0.056
0.065
0.082
0.126
0.073
0.073
0.054
0.071
0.090
0.052
0.081
0.072
0.052
0.062
0.071
0.075
0.065
0.061
0.064
0.069
0.064
0.066
0.065
0.058
0.069
0.054
0.063
0.084
0.061
0.095
0.100
0.068
0.054
0.059
0.029
0.113
0.029
0.051
0.073
0.063
0.065
0.084
0.088
0.054
0.056
0.020
0.083
0.050
0.052
0.063
0.061
0.089
0.061
0.074
0.070
0.089
0.091
0.072
0.061
0.058
0.089
0.052
0.067
0.052
0.085
0.066
0.064
0.063
0.065
0.057
0.081
0.072
0.098
0.072
0.055
0.042
0.077
0.053
0.069
0.118
0.072
0.056
0.065
0.055
0.054
0.082
0.070
0.069
0.075
0.052
0.053
0.036
0.023
0.079
0.069
0.058
0.118
0.051
0.065
0.051
0.068
0.050
0.059
0.084
0.068
0.056
0.056
0.054
0.109
0.051
0.085
0.065
0.095
0.069
0.056
0.106
0.082
0.090
0.068
0.051
0.062
0.064
0.095
0.066
0.059
0.068
0.070
0.065
0.069
0.070
0.110
0.111
0.082
0.052
0.055
0.066
0.061
0.079
0.073
0.051
0.068
0.056
0.067
0.076
0.065
0.075
0.061
0.069
0.056
0.073
0.065
0.105
0.081
0.059
0.058
0.072
0.068
0.073
0.068
0.070
0.101
0.063
0.060
0.056
0.086
0.070
0.085
0.067
0.065
0.060
0.058
0.067
0.055
0.052
0.083
nan
0.077
0.070
0.084
0.057
0.069
0.055
0.076
0.074
0.093
0.072
nan
0.069
0.075
0.066
0.097
0.085
0.070
0.052
0.054
0.069
0.065
0.054
0.070
0.075
0.099
0.076
0.060
0.066
0.072
0.073
0.093
0.057
0.064
0.068
0.073
0.061
0.070
0.070
0.076
0.058
0.068
0.093
0.061
0.060
0.081
0.058
0.068
0.061
0.066
0.051
0.071
0.078
0.082
0.053
0.062
0.071
0.069
0.057
0.058
0.051
0.061
0.070
0.072
0.083
0.095
0.066
0.077
0.057
0.059
0.062
0.065
0.087
0.085
0.060
0.068
0.086
0.067
0.056
0.064
0.019
0.062
0.024
0.096
0.082
0.073
0.056
0.071
0.060
0.069
0.078
0.059
0.062
0.078
0.074
0.085
0.074
0.065
0.082
0.112
0.070
0.068
0.062
nan
0.045
0.073
0.076
0.082
0.070
0.060
0.082
0.059
0.084
0.073
0.061
0.061
0.075
0.123
0.055
0.045
0.128
0.076
0.079
0.088
0.059
0.055
0.097
0.067
0.075
0.073
0.072
0.015
0.058
0.053
0.087
0.077
0.086
0.058
0.050
0.070
0.049
0.059
0.069
0.069
0.060
0.094
0.084
nan
0.082
0.061
0.055
0.058
0.062
0.060
0.049
0.082
0.102
0.064
0.062
0.055
0.063
0.073
0.076
0.064
0.067
0.069
0.063
0.070
0.051
0.032
0.080
0.067
0.070
nan
0.063
0.073
0.077
0.083
0.074
0.058
0.094
0.137
0.069
0.058
0.068
0.064
0.038
0.069
0.068
0.053
0.023
0.082
nan
0.060
0.057
0.075
0.062
0.058
0.074
0.078
0.079
0.063
0.061
0.078
0.054
0.069
0.090
0.070
0.089
0.077
0.031
0.063
0.068
0.098
0.073
0.100
0.068
0.098
0.114
0.051
0.084
0.105
0.061
0.092
0.082
0.051
0.078
0.039
0.029
0.066
nan
0.019
0.062
0.073
0.073
0.074
0.069
0.059
0.059
0.097
0.094
0.075
nan
0.067
0.057
0.055
0.040
0.075
0.101
0.078
0.078
0.055
0.094
0.151
0.102
0.079
0.050
0.077
0.079
0.100
0.059
0.066
0.075
0.078
0.060
0.054
0.069
0.070
0.070
0.071
0.070
0.051
0.065
0.073
0.062
0.067
0.061
0.076
0.062
0.079
0.049
0.079
0.086
0.088
0.103
0.070
0.054
0.069
0.070
0.086
0.051
0.107
0.082
0.085
0.091
0.057
0.092
0.113
0.060
0.078
0.068
0.070
0.086
0.076
0.063
0.096
0.076
0.075
0.074
0.068
nan
0.100
0.078
0.127
0.072
0.100
0.079
0.059
0.061
0.050
0.068
0.071
0.082
0.056
0.078
0.112
0.073
0.078
nan
0.084
0.025
0.110
0.062
0.082
0.038
0.111
0.052
0.076
0.078
0.089
0.076
0.060
0.096
0.080
0.056
0.059
0.083
0.077
0.086
0.053
0.082
0.074
0.062
0.082
0.113
0.082
0.076
0.060
0.095
nan
0.065
0.050
0.058
0.059
0.058
0.070
0.137
0.070
0.059
0.050
0.077
0.062
0.075
0.070
0.056
0.068
0.070
0.091
0.063
0.060
0.076
0.082
0.103
0.101
0.062
0.055
0.091
0.103
0.079
0.061
0.069
0.051
0.090
0.074
0.093
0.082
0.061
0.093
0.070
0.076
0.063
0.064
0.091
0.114
0.077
0.065
0.092
0.089
0.077
0.092
0.023
0.055
0.073
0.081
0.086
0.064
0.026
0.051
0.082
0.082
0.072
0.057
0.080
0.107
0.096
0.083
nan
0.091
0.074
0.036
0.075
0.090
0.082
0.075
0.062
0.091
0.130
0.087
0.068
0.073
0.093
0.052
0.096
0.061
0.156
0.082
nan
0.113
0.069
0.095
nan
0.092
0.104
0.082
0.077
0.052
0.097
0.080
0.087
0.078
0.083
0.076
0.099
0.081
0.100
0.092
0.097
0.082
0.059
0.095
0.064
0.093
0.110
0.089
0.080
0.115
0.082
0.092
0.099
0.104
0.018
0.048
0.089
0.079
0.087
0.077
0.106
0.115
0.108
0.082
0.091
0.024
0.073
0.080
0.082
0.087
0.076
0.118
0.090
0.075
0.079
0.057
0.089
0.098
0.073
0.086
0.090
0.075
0.079
0.111
0.077
0.083
0.079
0.084
0.063
0.080
0.087
0.092
0.066
0.023
0.073
0.072
0.092
0.086
0.096
0.075
0.082
0.011
0.074
0.068
0.095
0.065
0.107
nan
0.066
0.077
0.073
0.077
0.068
0.109
0.085
0.141
0.100
0.107
nan
0.076
0.082
0.045
0.069
0.079
0.078
0.083
0.069
0.104
0.113
0.105
0.078
0.098
nan
0.108
0.105
0.081
0.082
0.051
0.091
0.091
0.049
0.081
0.104
0.067
0.054
0.081
0.073
0.071
0.032
0.080
0.103
0.081
0.146
0.054
0.135
0.068
0.044
0.080
0.088
0.069
0.076
0.113
0.081
0.092
0.078
0.076
0.075
0.053
0.029
0.083
0.126
0.076
0.108
0.072
0.101
0.106
0.102
0.081
0.079
0.145
0.069
0.073
0.091
0.094
0.093
0.089
0.126
0.097
0.082
0.064
0.073
0.069
0.075
0.077
0.075
0.115
0.095
0.098
0.063
0.099
0.087
0.102
nan
0.076
0.104
0.078
0.083
0.082
0.103
0.108
0.090
0.087
0.085
0.080
0.073
0.090
0.090
0.109
0.082
0.089
0.038
0.077
0.099
0.083
0.077
0.115
nan
0.059
0.113
0.112
0.114
0.062
0.022
0.112
0.087
0.085
0.081
0.084
0.075
0.115
0.097
0.112
0.118
0.104
0.082
0.092
0.090
0.110
0.085
0.096
0.130
0.074
0.076
0.099
0.074
0.088
0.100
0.075
0.075
0.091
0.082
0.011
0.100
nan
0.081
0.099
0.088
0.035
0.088
0.114
0.083
0.023
0.074
0.082
0.084
nan
0.096
0.089
0.061
0.100
0.083
0.097
0.080
0.108
0.082
0.089
0.088
0.100
0.088
nan
0.082
0.091
0.061
0.097
0.093
0.115
0.051
0.088
0.141
0.102
0.100
0.111
0.089
0.095
0.093
0.081
0.093
0.086
0.098
0.100
0.101
0.088
0.115
0.104
0.115
0.110
0.082
0.109
0.098
0.094
0.110
0.065
0.091
0.106
0.074
0.090
0.057
0.075
0.108
0.087
0.098
0.105
0.091
0.114
0.108
0.113
0.106
0.114
0.080
0.106
0.102
nan
0.102
0.113
0.106
0.107
0.060
0.104
0.082
0.081
0.099
0.049
0.092
0.110
0.105
0.090
0.105
0.111
0.107
0.085
0.079
0.116
0.107
0.108
0.096
0.092
0.075
0.081
0.025
0.106
0.106
nan
nan
0.148
0.087
0.029
0.111
0.118
0.088
0.091
0.100
0.091
0.106
0.110
0.109
0.101
0.089
0.084
0.108
0.088
0.087
0.088
0.094
nan
0.114
0.087
0.116
0.101
0.085
0.090
0.086
0.074
0.089
0.097
nan
0.098
0.098
0.110
0.111
0.094
0.090
0.086
0.109
0.091
0.078
0.101
0.100
0.102
0.099
0.083
0.103
0.061
0.115
0.105
0.085
0.108
0.065
0.078
0.107
0.081
0.087
0.084
0.094
0.029
0.083
0.039
0.083
0.107
0.140
0.116
0.105
0.107
0.112
0.086
0.080
0.105
0.069
0.094
0.081
0.087
0.074
0.094
0.103
0.093
0.089
0.037
0.111
0.097
0.096
0.098
0.075
0.094
0.082
0.086
nan
0.059
0.119
0.078
0.087
0.108
0.095
0.129
0.029
0.089
0.084
0.101
0.111
0.112
0.108
0.121
0.082
0.080
0.112
0.091
0.086
0.099
0.096
0.116
0.109
0.020
0.099
0.086
0.097
0.103
0.119
0.093
0.096
0.111
0.113
0.096
0.082
0.096
0.082
0.021
0.087
0.114
0.104
0.116
0.079
0.100
0.060
0.110
0.135
0.100
0.095
0.096
0.123
0.103
0.114
0.096
0.102
0.101
0.118
0.088
0.046
0.085
0.105
0.103
0.116
0.087
0.099
0.099
0.101
0.024
0.114
0.109
0.010
0.083
0.060
0.113
0.096
0.083
0.090
0.106
0.110
0.104
0.113
0.097
0.112
0.108
0.109
0.019
0.068
0.041
0.096
0.091
0.118
0.094
0.104
0.102
0.091
0.098
0.117
nan
0.114
0.094
0.049
0.098
0.093
0.099
0.103
0.031
0.118
0.098
0.016
0.116
0.080
0.032
0.090
0.034
0.127
0.102
0.119
0.089
0.097
nan
0.086
0.098
0.105
0.110
0.104
0.089
0.103
0.107
0.090
0.107
0.103
0.104
0.105
0.090
0.052
0.025
0.081
0.112
0.119
0.106
0.130
0.100
0.103
nan
0.156
0.084
0.114
0.087
0.009
0.106
0.023
0.054
0.115
0.109
0.105
0.067
0.120
0.075
0.100
0.114
0.102
0.111
0.083
0.017
0.107
0.030
0.079
0.107
0.101
0.085
0.107
0.115
0.113
0.119
nan
0.080
0.112
0.136
0.109
0.114
0.115
0.113
0.113
0.111
0.089
0.085
0.108
0.098
0.046
0.120
0.110
nan
0.110
nan
0.108
0.112
0.115
0.117
0.080
0.066
0.116
0.019
0.111
0.113
0.114
0.109
0.036
0.086
0.117
0.107
0.057
0.077
0.123
0.111
0.029
0.077
0.067
nan
0.008
nan
0.118
0.021
0.078
0.086
0.115
0.096
0.018
0.069
0.033
0.021
0.114
0.031
0.007
0.089
0.124
0.097
0.072
0.114
0.073
0.023
0.117
0.111
0.115
0.020
nan
0.057
0.060
0.123
0.114
0.075
0.119
0.122
0.122
0.083
0.083
0.070
0.104
0.018
0.098
0.090
0.124
0.029
0.084
0.018
nan
0.018
0.064
0.010
nan
0.056
0.044
0.078
0.057
0.172
nan
0.080
0.071
nan
0.018
0.058
0.072
0.030
0.018
0.020
0.044
0.143
0.051
0.102
0.016
0.129
nan
0.027
0.016
0.023
0.019
0.059
0.029
0.010
0.038
nan
0.033
0.048
0.022
0.037
0.036
0.177
0.038
0.053
0.063
0.058
0.014
0.042
0.042
0.029
0.034
0.026
nan
0.067
0.018
